2025-09-15T22:31:54.8833
65
20
42.1440533652694
283.29211 56.56084
283.17367 56.52793
01:22:05.22 42:21:57.73
01:25:30.56 42:19:40.51
01:20:53.11 42:22:45.85
01:25:04.56 42:19:57.90
108.689710853071
98.883918490989
104.310233899024
96.9721618310537
77.7303564793938
68.6980477716443
80.907149901971
69.8404930976867
11.0701534157652
13.5612058848244
0.3500
31.6290183775526
28.8712979323745
83.8300977746398 ANT1
74.597933252944 SPE
116.198082010471 DSX
24.57 1.18258110306576 
21.87 0.000110114210578161
278.75 0.0360369999999648
56.12 0.0231429999999975
32.88 0.00946204701286035
1.78 0.000730105128596614
4.56 0.0143466351798258
0.78 0.000685795767131014
1.00 2.85966979540753e-05
16.00 0.0459834542597655
189.17 0.0246186337274139
172.846986
32.66 1.03467963646228 
29.58 1.1062962160337
280.37 0.187500999999997
56.15 0.0221000000000018
40.15 0.930646445752068
2.30 0.0838434886246024
-3.53 0.971112904644973
1.31 0.0843558910756206
1.00 0.000184960222688324
25.72 0.000342515860921822
189.00 0.0216115546788274
173.334321
