948 224.756668 0.524813 0.952361
949 224.921112 0.526751 0.950886
950 225.091858 0.528667 0.949402
951 225.222229 0.530683 0.947965
952 225.321243 0.532775 0.946564
953 225.432343 0.534831 0.945147
954 225.563980 0.536828 0.943704
955 225.581406 0.539115 0.942395
956 225.629211 0.541319 0.941048
957 225.749924 0.543328 0.939615
958 225.927551 0.545186 0.938113
959 225.980637 0.547360 0.936756
960 225.954712 0.549732 0.935489
961 225.826157 0.552361 0.934339
962 226.121277 0.553898 0.932696
963 226.378372 0.555528 0.931096
964 226.563690 0.557337 0.929578
965 226.663879 0.559360 0.928158
966 226.976761 0.560836 0.926491
967 227.101990 0.562786 0.925040
968 227.281174 0.564594 0.923525
969 227.348251 0.566682 0.922138
970 227.574768 0.568361 0.920567
971 227.536911 0.570706 0.919297
972 227.573822 0.572857 0.917940
973 227.632706 0.574947 0.916557
974 227.531921 0.577436 0.915352
975 227.582764 0.579536 0.913974
976 227.889130 0.580986 0.912307
977 228.094193 0.582689 0.910752
978 228.158463 0.584742 0.909356
979 228.294464 0.586611 0.907877
980 228.600830 0.588047 0.906207
981 228.967010 0.589331 0.904468
982 229.251907 0.590816 0.902821
983 229.343750 0.592780 0.901388
984 229.482651 0.594622 0.899902
985 229.463226 0.596854 0.898590
986 229.712830 0.598412 0.896978
987 229.817856 0.600326 0.895526
988 229.789185 0.602568 0.894220
989 229.697250 0.604962 0.892982
990 229.693954 0.607131 0.891645
991 229.951675 0.608649 0.890019
992 230.424652 0.609633 0.888156
993 230.669647 0.611178 0.886544
994 231.246979 0.611903 0.884567
995 231.319031 0.613867 0.883142
996 231.328033 0.615983 0.881785
997 231.258484 0.618286 0.880511
998 231.315109 0.620276 0.879099
999 231.427063 0.622127 0.877625
1000 231.588776 0.623852 0.876096
1001 231.764816 0.625538 0.874551
1002 231.783386 0.627606 0.873174
1003 231.753174 0.629788 0.871849
1004 231.906860 0.631518 0.870324
1005 231.913391 0.633602 0.868956
1006 232.972656 0.633131 0.866461
1007 233.097229 0.634924 0.864965
1008 233.096329 0.637017 0.863603
