2025-09-05T04:15:03.5355
26
55
10.3605925380607
121.07544 29.62340
120.67683 29.69719
03:26:10.62 42:00:51.53
02:55:45.32 41:56:12.93
03:21:31.95 42:00:09.56
02:50:59.57 41:55:28.53
248.057546398562
197.513467608591
140.511523712805
93.2882345477406
103.815570524898
74.7637802352101
99.3489207963448
70.259296463837
52.3152126432918
52.4652035259651
0.8000
65.394019701902
69.1570354929401
121.009502755821 ANT1
22.3017385594959 AUR
62.5827679576468 SPE
70.41 3.17202368834098 
69.51 4.82907917955799e-05
121.33 0.0142115000000018
29.55 0.0133120000000027
150.28 0.0375294768937806
0.56 0.000810404752681348
-0.86 0.000545479781201452
1.28 0.000207575656780978
0.24 0.000332926083908336
25.60 1.96948190911428e-05
69.50 0.0418001474046008
162.388600
68.57 3.17202368834098 
64.43 3.21961024422063
121.39 0.0455000000000041
29.52 0.0238059999999969
147.29 2.48600110296832
0.41 0.0959052357801069
-2.15 1.08008117226837
1.13 0.0833372620368393
0.19 0.0374926663799103
25.59 0.00194919463786647
57.51 8.39996771377955
162.873246
