2025-09-05T04:15:03.7731
66
69
27.6243867608981
121.35757 30.44022
120.95684 30.51461
03:07:19.86 41:58:46.49
02:53:18.33 41:56:25.45
03:17:30.69 42:00:27.69
02:50:48.15 41:56:00.08
149.725611269319
126.031133628154
132.169264933681
91.474085251226
87.239033640034
73.7527575644217
97.0926058967279
71.3568441224224
24.2206141070195
46.1612048793706
0.4500
53.823581201136
55.1740007124389
120.973137038944 ANT1
22.0984883901972 AUR
62.3494573081626 SPE
53.81 1.08300677376217 
52.64 5.27592236494456e-05
121.87 0.0121985000000109
30.26 0.0133864999999993
128.04 0.0519417468899235
0.15 0.000321039459630468
2.89 0.00396997919651376
0.97 9.35032877812381e-05
0.08 0.000166217632315308
25.59 2.72114749115815e-05
28.93 0.0287677876108496
162.388600
54.91 1.08300677376217 
52.65 1.1072013634823
121.87 0.0332149999999984
30.26 0.0210644999999978
129.12 2.46759990371282
0.15 0.0175229982579681
2.87 0.617815007792306
0.97 0.00304958178346426
0.08 0.00877014137943165
25.59 0.000411948530608441
29.35 2.39453799288045
162.873246
