3067.04589867986 3671.03630434727 4204.9207074882 -0.428785335370207 0.620077084907166 0.656998892650887
3067.03251384819 3671.0474869501 4204.9207074882 -0.428506336864803 0.617589425440834 0.659519234632599
3067.01912897575 3671.05866950414 4204.9207074882 -0.42804158950694 0.615507133807299 0.661763829386811
3067.00574406253 3671.06985200937 4204.9207074882 -0.427311295050367 0.613422581239117 0.664166992516428
3066.99235910854 3671.08103446579 4204.9207074882 -0.426962101686778 0.610447663488704 0.667125935535707
3066.97897411378 3671.09221687342 4204.9207074882 -0.425930908138427 0.606777006542668 0.671121841265425
3066.96558907825 3671.10339923224 4204.9207074882 -0.425300013538113 0.603885574946608 0.674123216375082
3066.95220400195 3671.11458154226 4204.9207074882 -0.424889507473661 0.601572119763198 0.676446517592044
3066.93881888487 3671.12576380348 4204.9207074882 -0.424044322918034 0.597834522094252 0.68027957222992
3066.9254337307 3671.13694601283 4204.9207074882 -0.42324230092455 0.595137296343512 0.683138019150616
