30
Detecciones/2025/20250905/ZWO-B1
2025-09-06T03:32:20.8864 F033220-001.jpg  693 855 693 856 3
2025-09-06T03:32:20.9364 F033220-002.jpg  693 856 694 857 3
2025-09-06T03:32:20.9864 F033220-003.jpg  694 857 695 858 3
2025-09-06T03:32:21.0364 F033220-004.jpg  695 858 696 859 3
2025-09-06T03:32:21.0864 F033220-005.jpg  696 858 697 860 3
2025-09-06T03:32:21.1364 F033220-006.jpg  697 859 698 861 3
2025-09-06T03:32:21.1864 F033220-007.jpg  698 860 698 861 3
2025-09-06T03:32:21.2364 F033220-008.jpg  698 861 699 862 3
2025-09-06T03:32:21.2864 F033220-009.jpg  699 862 700 863 3
2025-09-06T03:32:21.3364 F033220-010.jpg  700 863 701 864 3
2025-09-06T03:32:21.3864 F033220-011.jpg  701 864 702 866 3
2025-09-06T03:32:21.4364 F033220-012.jpg  702 864 703 867 3
2025-09-06T03:32:21.4864 F033220-013.jpg  702 865 703 867 3
2025-09-06T03:32:21.5364 F033220-014.jpg  703 866 704 868 3
2025-09-06T03:32:21.5864 F033220-015.jpg  704 867 705 869 3
2025-09-06T03:32:21.6364 F033220-016.jpg  705 868 706 870 3
2025-09-06T03:32:21.6864 F033220-017.jpg  706 868 707 870 3
2025-09-06T03:32:21.7364 F033220-018.jpg  707 869 708 871 3
2025-09-06T03:32:21.7864 F033220-019.jpg  707 870 708 872 3
2025-09-06T03:32:21.8364 F033220-020.jpg  708 871 709 873 3
2025-09-06T03:32:21.8864 F033220-021.jpg  709 872 710 874 3
2025-09-06T03:32:21.9364 F033220-022.jpg  710 872 711 875 3
2025-09-06T03:32:21.9864 F033220-023.jpg  711 873 712 875 3
2025-09-06T03:32:22.0364 F033220-024.jpg  711 874 712 876 3
2025-09-06T03:32:22.0864 F033220-025.jpg  712 875 713 877 3
2025-09-06T03:32:22.1364 F033220-026.jpg  713 875 714 878 3
2025-09-06T03:32:22.1864 F033220-027.jpg  714 876 715 878 3
2025-09-06T03:32:22.2364 F033220-028.jpg  714 877 715 878 3
2025-09-06T03:32:22.2864 F033220-029.jpg  715 877 716 879 2
2025-09-06T03:32:22.3364 F033220-030.jpg  716 878 717 881 2
2025-09-06T03:32:22.4864
85
Detecciones/2025/20250905/b4-alha09/20250906033220-80009-media.fits
1710.952:1337.96:1171.816:1749.224:25:1498.408:1547.048
