2025-09-15T04:13:21.9927
26
93
41.0958121560567
101.02626 50.51279
100.52644 50.54016
-00:15:40.71 40:49:03.62
-00:22:38.61 40:45:36.25
-00:17:31.15 40:48:08.89
-00:22:53.54 40:45:28.83
189.269109011388
188.876036298544
146.008917017811
137.113074514193
101.754644226398
82.4516115439064
96.6429860423486
81.7639496965057
22.6621539523581
17.4712558958278
0.3500
64.749028935162
65.6606855664839
91.9612466023046 ANT1
34.4092461347258 SPE
60.6211048863454 DSX
65.56 0.406179276949496 
64.59 0.000133814588465953
101.04 0.0273044999999996
50.69 0.0185235000000006
130.49 0.0339448691546806
1.76 0.00100654969115954
-128.13 14.7200204928912
1.01 0.000796090655877046
0.88 0.000416051737584855
25.63 0.000104519977476514
138.11 0.0728695914864943
172.103859
65.16 0.406179276949496 
63.78 0.412381976540225
101.05 0.0276854999999898
50.69 0.0186045000000021
130.20 0.252472052690251
1.70 0.0337560581175753
18.67 9.45170578575424
0.94 0.0318158762420274
0.88 0.00328959581194621
25.63 0.00211576688079873
137.52 0.957027370721704
172.590996
