562 99.937500 1.374619 -0.043920
563 98.406776 1.374974 -0.049719
564 98.692986 1.372128 -0.050662
565 99.310341 1.368698 -0.050725
566 97.810394 1.369015 -0.056444
567 97.500000 1.367232 -0.058990
568 96.252472 1.367113 -0.064035
569 95.668793 1.365824 -0.067312
570 94.456520 1.365654 -0.072265
571 94.044052 1.364069 -0.075088
572 93.499382 1.362724 -0.078266
573 93.417519 1.360559 -0.080215
574 92.000000 1.360774 -0.085715
575 91.754562 1.358908 -0.088102
576 90.109230 1.359541 -0.094207
577 89.797791 1.357801 -0.096773
578 89.034966 1.356870 -0.100538
579 89.483406 1.353779 -0.101095
580 87.825958 1.354455 -0.107232
581 87.650688 1.352486 -0.109445
582 85.979637 1.353199 -0.115618
583 85.924171 1.351022 -0.117518
584 85.024330 1.350363 -0.121652
585 84.184784 1.349601 -0.125628
586 83.892975 1.347859 -0.128159
587 83.709343 1.345925 -0.130407
588 82.128204 1.346509 -0.136343
589 81.695656 1.345031 -0.139250
590 81.918365 1.342376 -0.140433
