2025-09-04T20:04:31.5156
93
74
39.4039726820966
255.75822 21.57294
255.48402 21.60811
-01:40:24.97 44:37:06.06
-01:38:47.22 44:37:56.23
-01:41:25.97 44:36:34.73
-01:37:46.59 44:38:27.32
348.659572578692
348.666289925772
243.003880134557
244.866872364341
82.3619376928964
78.1277417238807
85.008612351392
75.5058809861803
5.01541321680693
11.2559961199725
0.3000
16.7180467132851
16.122657277141
98.4073406844019 ANT1
116.696849887316 AUR
18.71 0.636810329752755 
15.00 0.000251790328388068
252.18 0.0618849999999895
18.44 0.0365350000000007
13.40 0.013905348628418
2.03 0.000441774591946942
-100.99 4.57287860371609
1.01 0.000452939832839228
1.01 8.41660223183105e-06
25.67 8.50798329032898e-05
178.73 0.0428379522859359
162.059259
17.35 0.636810329752755 
12.41 0.857981817987591
251.33 0.399087500000007
17.41 0.446879499999998
11.38 0.715709934423618
1.82 0.0654128674030958
5.90 1.98700161202172
0.81 0.0648542695541408
1.01 2.13953088123997e-05
25.67 0.000334635581435094
178.25 0.12860236506819
162.543825
