552.579895 877 0.815401 0.934607
552.819031 876 0.812529 0.936761
553.162292 875 0.809839 0.939085
553.647339 874 0.807404 0.941643
554.002380 873 0.804708 0.943978
554.495422 872 0.802262 0.946542
555.059753 871 0.799938 0.949224
555.609375 870 0.797574 0.951877
556.230896 869 0.795335 0.954649
556.929077 868 0.793233 0.957548
557.447937 867 0.790771 0.960139
558.018005 866 0.788394 0.962814
558.652283 865 0.786130 0.965596
559.335999 864 0.783951 0.968459
559.515869 863 0.780763 0.970455
559.891541 862 0.777944 0.972782
