2025-09-10T02:07:35.6114
93
26
16.1168786421238
51.44874 41.27120
51.02140 41.18206
02:12:07.73 42:50:03.14
02:10:24.98 42:49:55.50
02:18:31.88 42:50:31.49
02:11:06.09 42:49:58.56
304.222854151631
300.262501125242
192.529549933051
170.489954076223
83.4481460766683
77.1826170433487
106.985126353246
79.6877963947218
6.7008667924763
29.1855527151131
0.1000
67.0085720682318
60.9979650627522 ANT1
2.58076220579122 SPE
85.471779376779 DSX
88.04 4.06230780728751 
87.33 0.000131777759008855
51.21 0.0386765000000011
41.34 0.0137174999999985
145.62 0.0368797443879316
3.81 0.00118801868712159
-0.40 0.000254018709679393
3.23 0.000827430383603112
0.90 0.0003251580171173
25.73 4.72479965090145e-05
210.44 0.0475731643330732
167.155095
71.07 4.06230780728751 
66.06 4.12037027050064
51.30 0.0200354999999988
41.33 0.00968749999999829
139.19 1.8595813241734
1.65 0.32556466456087
0.54 2.79302922813856
1.07 0.298420634813263
0.79 0.0433484966827581
22.74 3.0238094855512
235.47 10.2411322391779
167.640937
