2025-09-05T04:15:03.7731
66
55
23.7918901272619
121.10310 29.50022
120.70485 29.57407
03:06:03.21 41:58:19.14
02:53:05.38 41:56:20.26
03:22:58.88 42:00:52.00
02:51:45.10 41:56:07.90
147.247405654912
125.601667629164
144.027878938347
95.8436091620721
85.75309984871
73.4938744031288
101.892639519961
72.2336119777347
22.2091445792767
53.5913353855498
0.4500
49.353649390914
52.3678981728919
121.071839133652 ANT1
22.3865964609753 AUR
62.6695473128385 SPE
48.67 1.08407183798664 
47.37 3.87773693333315e-05
121.74 0.0116339999999866
29.23 0.00946349999999896
115.13 0.0464098406688151
0.07 0.000146289841615341
1.44 0.000857334279664945
0.97 6.77962189958858e-05
0.04 7.5379520318164e-05
25.58 1.87119845804773e-05
17.86 0.0158852121680368
162.388600
50.44 1.08407183798664 
48.07 1.11306378615338
121.72 0.0395019999999846
29.25 0.0210039999999978
119.30 4.1533590479515
0.08 0.0107330976559563
1.50 0.150320365593893
0.97 0.000873924154157879
0.04 0.00546087249105218
25.59 0.000619602729333479
19.16 1.76353782174967
162.873246
