502 122.061554 2.011635 0.869880
501 122.589638 2.011352 0.871879
500 123.215752 2.010793 0.873947
499 123.896729 2.010079 0.876054
498 124.698318 2.009023 0.878246
497 125.460075 2.008078 0.880409
496 126.295952 2.006921 0.882624
495 126.917442 2.006375 0.884689
494 127.662102 2.005477 0.886840
493 128.622681 2.003957 0.889142
492 129.522949 2.002607 0.891401
491 130.004501 2.002464 0.893368
490 130.857941 2.001246 0.895595
489 131.738724 1.999947 0.897840
488 132.499130 1.998995 0.900002
487 133.259506 1.998042 0.902163
486 133.806961 1.997711 0.904176
485 134.752777 1.996213 0.906466
484 135.600082 1.995001 0.908687
483 136.283875 1.994269 0.910795
482 136.781860 1.994085 0.912775
481 137.749496 1.992513 0.915079
480 139.143295 1.989669 0.917676
479 139.176743 1.990867 0.919336
478 139.652237 1.990754 0.921301
477 140.538101 1.989416 0.923548
476 140.954971 1.989481 0.925472
475 141.155716 1.990200 0.927248
474 141.123947 1.991624 0.928862
473 145.950760 1.978368 0.933805
472 146.482193 1.978074 0.935809
471 146.739944 1.978616 0.937628
470 147.557556 1.977454 0.939826
469 149.292679 1.973478 0.942642
468 149.320679 1.974729 0.944308
467 149.063263 1.976867 0.945780
466 148.410599 1.980233 0.946980
465 148.294495 1.981960 0.948542
464 149.674606 1.979071 0.951126
463 151.121063 1.975962 0.953754
462 151.690094 1.975571 0.955784
461 151.771774 1.976702 0.957484
460 154.203262 1.970486 0.960775
459 156.920242 1.963327 0.964241
458 157.228210 1.963738 0.966099
457 157.542053 1.964136 0.967961
456 159.762527 1.958480 0.971087
455 160.317383 1.958106 0.973109
454 160.275681 1.959640 0.974738
453 160.150681 1.961451 0.976310
452 159.476639 1.965033 0.977513
451 159.404602 1.966699 0.979116
450 160.503586 1.964607 0.981504
449 162.981934 1.958042 0.984809
448 163.572617 1.957567 0.986856
447 163.205948 1.960209 0.988268
446 163.473557 1.960798 0.990101
445 167.532700 1.948971 0.994437
444 169.009079 1.945560 0.997061
443 169.471741 1.945484 0.999026
442 170.018219 1.945134 1.001046
441 170.559479 1.944802 1.003062
440 173.451843 1.936616 1.006593
439 173.408508 1.938227 1.008236
438 173.556198 1.939207 1.010000
437 172.892349 1.942927 1.011239
436 172.206223 1.946740 1.012457
435 172.171997 1.948371 1.014097
434 173.993942 1.943729 1.016952
433 176.175797 1.937827 1.020033
432 176.668976 1.937662 1.022021
431 176.352951 1.940273 1.023486
430 176.504211 1.941295 1.025251
429 176.527603 1.942767 1.026933
428 183.073578 1.921645 1.032791
427 183.734283 1.920863 1.034886
426 184.040237 1.921323 1.036759
425 184.129501 1.922550 1.038496
424 184.335098 1.923378 1.040306
423 184.491150 1.924388 1.042084
422 185.774948 1.921414 1.044573
421 187.377319 1.917287 1.047259
420 188.034744 1.916511 1.049354
419 188.244385 1.917339 1.051169
418 188.664215 1.917420 1.053116
417 188.794815 1.918548 1.054882
416 189.059692 1.919201 1.056732
415 190.691193 1.914904 1.059438
