2025-09-03T04:10:39.2957
14
84
18.3390715423525
27.96226 41.39756
27.57426 41.27132
-04:30:11.97 37:34:32.54
-04:29:17.01 37:34:11.11
-04:33:41.28 37:35:54.09
-04:29:27.76 37:34:15.30
137.548923687089
131.197073586053
148.088468521864
113.768039248202
94.3078948559987
86.1943553645642
125.387330313068
87.7805572684529
8.25528112262583
38.2603641838896
0.1500
55.0352599698861
53.1723739313374 ANT1
49.5549471621572 AUR
60.20 2.13121506723948 
59.15 7.62828979858909e-05
27.34 0.0243780000000022
41.37 0.00845699999999994
119.89 0.0278287795473631
1.18 0.000389065392613963
17.30 0.249759738856181
0.97 0.000503094468923049
0.60 0.000329129506243087
-46.19 1.55832646612378
260.10 0.0276832717565298
160.448356
57.17 2.13121506723948 
53.88 2.17672836305903
27.31 0.0361905
41.37 0.00651450000000153
114.67 2.27566343676096
0.90 0.104129083725843
2.57 0.894104613338152
0.79 0.0584222453067695
0.50 0.0420086038895903
21.49 2.1464091929585
278.94 8.31702698088117
160.932531
