842.197510 1574 6.071503 1.008775
841.725098 1573 6.073419 1.009532
841.860840 1572 6.075707 1.009649
842.176819 1571 6.078104 1.009574
842.499634 1570 6.080503 1.009489
842.954407 1569 6.082980 1.009262
843.542358 1568 6.085532 1.008892
844.148315 1567 6.088091 1.008500
844.835938 1566 6.090693 1.008019
845.522827 1565 6.093290 1.007536
846.176331 1564 6.095863 1.007084
846.828003 1563 6.098431 1.006632
847.456299 1562 6.100981 1.006201
848.076721 1561 6.103523 1.005775
848.685120 1560 6.106054 1.005360
849.350830 1559 6.108611 1.004880
849.995911 1558 6.111153 1.004420
850.652405 1557 6.113697 1.003944
851.320740 1556 6.116242 1.003453
851.938293 1555 6.118756 1.003012
852.561218 1554 6.121269 1.002563
853.250916 1553 6.123811 1.002040
853.872253 1552 6.126314 1.001587
854.496582 1551 6.128814 1.001128
855.194824 1550 6.131346 1.000587
855.773132 1549 6.133815 1.000171
856.401672 1548 6.136304 0.999699
857.093201 1547 6.138819 0.999156
857.690552 1546 6.141284 0.998711
858.324707 1545 6.143762 0.998224
859.010437 1544 6.146259 0.997679
859.618225 1543 6.148716 0.997215
860.254150 1542 6.151182 0.996717
860.908325 1541 6.153650 0.996197
861.539246 1540 6.156104 0.995699
862.208496 1539 6.158571 0.995158
862.828369 1538 6.161011 0.994666
863.462036 1537 6.163452 0.994157
864.122375 1536 6.165900 0.993616
864.740051 1535 6.168326 0.993119
865.354919 1534 6.170746 0.992622
866.013489 1533 6.173179 0.992075
866.643433 1532 6.175596 0.991556
867.285278 1531 6.178013 0.991022
867.926819 1530 6.180426 0.990485
868.526245 1529 6.182817 0.989991
869.189331 1528 6.185228 0.989425
869.823181 1527 6.187624 0.988889
870.459961 1526 6.190016 0.988346
871.159058 1525 6.192426 0.987733
871.775269 1524 6.194801 0.987208
872.311096 1523 6.197143 0.986767
873.068848 1522 6.199560 0.986082
873.674377 1521 6.201917 0.985560
874.263855 1520 6.204265 0.985053
875.010803 1519 6.206662 0.984372
875.515320 1518 6.208971 0.983953
876.363586 1517 6.211392 0.983156
876.735291 1516 6.213649 0.982876
877.326904 1515 6.215976 0.982354
878.140747 1514 6.218369 0.981587
879.564331 1513 6.220946 0.980149
880.246033 1512 6.223283 0.979520
879.593445 1511 6.225208 0.980351
879.365112 1510 6.227266 0.980715
881.774902 1509 6.230110 0.978185
881.206970 1508 6.232064 0.978917
882.282104 1507 6.234497 0.977844
882.639709 1506 6.236717 0.977557
883.265198 1505 6.239010 0.976973
884.975647 1504 6.241595 0.975194
885.155151 1503 6.243754 0.975095
884.991821 1502 6.245821 0.975371
885.026245 1501 6.247942 0.975427
887.200500 1500 6.250612 0.973126
884.620911 1499 6.252060 0.976057
886.496826 1498 6.254646 0.974079
887.999634 1497 6.257121 0.972509
889.077026 1496 6.259482 0.971405
887.920532 1495 6.261307 0.972762
889.251404 1494 6.263720 0.971374
892.069275 1493 6.266457 0.968341
890.188293 1492 6.268128 0.970493
890.367676 1491 6.270263 0.970368
891.386780 1490 6.272578 0.969313
889.094177 1489 6.274178 0.971917
885.814636 1488 6.275570 0.975613
886.280212 1487 6.277780 0.975165
887.728088 1486 6.280192 0.973629
887.687866 1485 6.282288 0.973737
887.811768 1484 0.001231 0.973661
886.164673 1483 0.003005 0.975545
890.216003 1482 0.005903 0.971114
