2025-09-23T04:21:51.7869
97
63
1.12554444092943
12.05155 46.13576
11.69081 45.99568
02:54:55.93 40:05:23.87
03:17:45.79 39:55:48.32
03:30:01.95 39:50:36.05
03:40:35.17 39:46:05.78
139.84954856688
103.774436285973
342.424699745736
353.736552918909
130.349942130685
89.2226427653532
67.3465606700593
48.654801376978
55.7693972127306
25.519944165358
1.4500
38.4616519853352
20.2209021476856
120.154370435115 DSX
41.0031197898867 STA
45.69 0.664762270946893 
44.29 6.29319799827499e-05
10.69 0.014186500000001
45.64 0.012838500000008
66.28 0.0179334444262906
0.97 0.000400023080314393
-21.43 0.261125605318178
1.02 0.00026967339979822
0.48 0.000200988315583683
25.83 1.74064380793482e-05
271.84 0.0227522439931818
179.919640
39.13 0.664762270946893 
36.80 0.694814784954133
10.28 0.0638424999999998
45.56 0.0222485000000034
55.70 1.03166705032042
0.83 0.0111370520973091
2.43 0.225822177174027
0.81 0.016797946359005
0.46 0.00195152453812053
22.04 0.52993021439665
282.65 1.06788193732308
180.408911
