2025-09-11T04:08:34.7207
30
85
68.8592476419567
352.14872 17.13518
351.82554 16.99347
-06:36:34.37 37:58:39.59
-06:33:36.04 37:59:00.20
-06:40:48.15 37:58:10.14
-06:32:43.20 37:59:06.29
126.349558396563
125.077961672025
275.716899962864
262.763532928826
79.5111787217857
75.9371323109644
84.6104752384817
74.8797123634049
5.70918327397368
15.5363896764562
0.2000
28.5459095639932
24.9388100570819
18.1916232247377 ANT1
54.1976205063351 SPE
140.841472149782 DSX
29.68 0.91396579860237 
27.49 8.70337586498238e-05
349.89 0.0266510000000153
15.73 0.0123470000000001
18.79 0.0111440230106972
0.83 0.000778775434181034
2.55 0.00587211011776567
0.82 0.000271366778256454
0.46 0.000364264034382722
21.75 0.0140880477334662
282.30 0.059378466355497
168.208543
29.46 0.91396579860237 
26.26 0.993536677489523
349.73 0.162792000000024
15.62 0.106554500000001
17.67 0.796276097098819
0.85 0.00684113264610231
2.32 0.245214124420703
0.79 0.026324732392219
0.47 0.0107253090193791
22.26 0.563123061070282
281.25 0.125592252196782
168.694656
