1820.516602 1731 5.526931 0.495541
1820.463989 1730 5.528402 0.495642
1820.202393 1729 5.530014 0.495985
1820.123779 1728 5.531500 0.496112
1820.218994 1727 5.532866 0.496034
1820.083374 1726 5.534389 0.496223
1820.187256 1725 5.535747 0.496130
1820.007568 1724 5.537298 0.496367
1819.753906 1723 5.538900 0.496686
1819.556519 1722 5.540462 0.496938
1819.522339 1721 5.541911 0.496998
1820.098999 1720 5.542936 0.496345
1820.533325 1719 5.544058 0.495856
1821.114258 1718 5.545077 0.495194
1821.786743 1717 5.546029 0.494425
1821.467407 1716 5.547669 0.494807
1822.026611 1715 5.548697 0.494165
1822.419067 1714 5.549839 0.493716
1823.398071 1713 5.550570 0.492585
1822.735596 1712 5.552446 0.493357
1823.575806 1711 5.553270 0.492383
1824.289917 1710 5.554179 0.491554
1823.177124 1709 5.556368 0.492842
1824.980957 1708 5.556510 0.490746
1823.060791 1707 5.559265 0.492965
1822.911987 1706 5.560776 0.493128
1825.111938 1705 5.560632 0.490571
1825.471313 1704 5.561781 0.490143
1825.571411 1703 5.563111 0.490014
