2025-09-12T02:51:12.2198
59
63
30.7027098451471
59.09180 55.24295
58.58567 55.16946
00:48:15.84 38:03:41.58
00:45:46.04 38:00:54.12
00:48:20.62 38:03:46.91
00:45:41.36 38:00:48.88
154.037604473915
143.4350680318
238.806029790346
235.370346708491
98.7433307752272
84.199120719255
99.2077277134294
83.7456112797399
15.8964834039325
16.8997312847291
0.2500
63.5859336157301
58.9863149524246
70.4585869839399 ANT1
16.2083415732409 SPE
83.4133370976802 DSX
58.70 0.841244906523236 
57.63 6.15381321864561e-05
58.87 0.0175284999999974
55.49 0.00766700000000498
118.10 0.0153526234995098
1.55 0.000341349441739469
2.65 0.00328452903352483
0.65 0.000459698026666011
0.94 0.000160040734562661
21.45 0.00802150564836879
213.92 0.0396943207925631
169.128657
64.39 0.803945863432682 
62.59 0.816686436293374
58.82 0.0104309999999899
55.47 0.0105545000000049
121.13 0.476679028105153
1.94 0.0693698055938283
8.38 18.0557035576221
1.03 0.0680234717957078
0.95 0.00234673502318927
-42.20 67.9464088303244
206.44 1.02849044294484
169.615009
