2025-09-12T02:51:13.0482
63
97
114.864265768667
58.41163 66.96460
57.79579 66.88966
00:47:36.07 38:04:04.55
00:46:07.02 38:00:15.54
00:47:41.05 38:04:17.34
00:46:45.14 38:01:53.62
236.472249465923
236.557356948705
268.772694544025
269.927952751405
95.8992839207249
83.9064014108735
96.5706170040739
89.0361531597509
14.1406480610717
8.8822296530377
0.2500
56.5625922442869
56.5852783156762
75.9334362912807 ANT1
27.2395943580878 SPE
85.783842717195 DSX
55.85 1.35638429691936 
54.72 0.000142976651119398
58.03 0.0545254999999969
67.37 0.0201069999999959
101.99 0.0309929960323814
1.84 0.00116725383389049
6.66 0.0563069795769708
0.85 0.00126675778767738
0.99 0.000142716197161885
8.52 0.217989725231849
193.99 0.0734923216755305
169.128657
58.13 1.56500689791149 
55.44 1.5965694882954
58.02 0.0359405000000095
67.37 0.035656000000003
102.45 1.21478021685574
1.90 0.126228354501785
-11.57 16.2753228011605
0.91 0.124951653118368
0.99 0.00137107046707929
20.62 5.09892305568229
194.56 1.18341613978473
169.615009
