2025-09-01T21:20:18.1319
55
20
60.7522324125276
283.54928 76.11255
283.78232 76.07907
01:31:08.72 41:02:12.95
01:31:50.69 40:58:18.28
01:30:54.01 41:03:35.11
01:31:53.07 40:58:04.95
125.652907598451
121.784347596594
154.085576210242
154.417639580319
85.1999929165204
75.1285567895447
88.7356288788915
74.557659950322
12.4971144564964
17.590518240006
0.3500
35.7060510334022
36.6410231806586
86.929391640151 ANT1
64.6714716944838 AUR
37.90 0.625608257713488 
36.21 0.000190801830193266
279.62 0.12307450000003
76.67 0.0333354999999926
57.16 0.0254791115397381
2.06 0.00173839636384798
-23.80 0.9678089612663
1.04 0.00172606464883085
1.01 1.46595373564651e-05
25.66 0.000120265689439236
178.46 0.0609586616207878
159.204402
36.33 0.625608257713488 
33.91 0.658793882893221
279.37 0.202949499999988
76.77 0.0568499999999972
54.98 0.675096539116325
1.90 0.0448939750091917
10.27 3.95641602750295
0.88 0.044475960086573
1.01 2.3276556916807e-05
25.67 0.000291227464458643
178.43 0.123837632058553
159.688282
