982.006775 867 5.717138 -0.137224
982.424011 868 5.717679 -0.139413
982.933960 869 5.718390 -0.141658
983.112610 870 5.718505 -0.143711
983.424500 871 5.718862 -0.145842
983.742310 872 5.719231 -0.147978
984.058228 873 5.719598 -0.150115
984.268799 874 5.719776 -0.152191
984.779236 875 5.720498 -0.154444
985.044861 876 5.720779 -0.156555
985.221802 877 5.720901 -0.158615
985.636169 878 5.721454 -0.160815
985.971741 879 5.721866 -0.162971
986.222229 880 5.722126 -0.165078
986.582886 881 5.722587 -0.167252
986.971680 882 5.723100 -0.169443
987.112488 883 5.723167 -0.171489
987.439331 884 5.723572 -0.173647
987.807495 885 5.724053 -0.175830
988.247375 886 5.724666 -0.178057
988.498779 887 5.724939 -0.180174
988.715332 888 5.725151 -0.182272
989.102173 889 5.725673 -0.184472
989.316284 890 5.725883 -0.186572
989.615784 891 5.726251 -0.188723
989.996460 892 5.726767 -0.190924
990.171509 893 5.726912 -0.193004
990.485901 894 5.727311 -0.195168
990.890625 895 5.727876 -0.197388
991.151123 896 5.728181 -0.199523
991.326965 897 5.728335 -0.201610
991.777283 898 5.728988 -0.203861
992.049927 899 5.729321 -0.206008
992.312805 900 5.729637 -0.208151
992.581848 901 5.729967 -0.210298
993.024780 902 5.730615 -0.212552
993.226440 903 5.730825 -0.214662
993.362854 904 5.730919 -0.216736
993.880554 905 5.731709 -0.219038
994.124023 906 5.732001 -0.221179
994.281555 907 5.732139 -0.223269
994.764221 908 5.732871 -0.225556
995.032104 909 5.733213 -0.227715
995.245972 910 5.733459 -0.229844
995.459106 911 5.733706 -0.231974
996.000000 912 5.734552 -0.234303
996.152283 913 5.734691 -0.236399
996.271912 914 5.734773 -0.238478
996.760193 915 5.735530 -0.240780
997.026123 916 5.735882 -0.242950
997.197998 917 5.736065 -0.245065
997.417236 918 5.736336 -0.247210
997.892883 919 5.737078 -0.249511
