2025-09-06T01:24:53.3135
63
61
157.872068307276
71.16167 23.36113
70.77420 23.31496
-00:07:48.22 39:56:57.75
-00:12:48.55 39:56:42.70
-00:02:56.81 39:57:12.14
-00:13:58.89 39:56:39.14
99.6548233624469
93.4928890873313
136.024013069904
117.393684435425
93.8455864930174
89.0089340666082
98.5526845067452
87.8782456616282
8.71387570066724
19.2195295504227
0.1500
58.0924677369186
58.7288127607298
140.562024829974 ANT1
28.0575908641957 SPE
58.66 1.93182018117522 
57.59 3.38750003550103e-05
71.51 0.0114200000000011
23.18 0.00775699999999802
178.31 0.0185136249822904
0.90 8.91901600308387e-06
0.91 1.8432564263926e-05
0.11 6.01534320386343e-05
0.81 4.32266063165043e-05
25.21 0.000527882433040361
349.31 0.172934569490451
163.243436
60.02 1.93182018117522 
57.00 1.96871465890091
71.52 0.0358730000000094
23.17 0.0207419999999985
178.31 0.0286864489830805
0.87 0.123844088747692
0.90 0.0969868767419478
0.15 0.110988625519561
0.77 0.181746812751246
25.14 0.157369901285399
322.83 30.5618847287942
163.728293
