2460928.588602235075
Ager 26
0.0000, 0.0500, 0.1000, 0.1500, 0.2000, 0.2500, 0.3000, 0.3500
105.55002, 106.54337, 107.53267, 108.64381, 109.70399, 110.83017, 111.93769, 112.76876
47.02974, 46.88223, 46.72592, 46.53904, 46.34942, 46.13574, 45.91310, 45.73778
0.744033333
42.017627778
736
Cabrils 55
0.8630, 0.9130, 0.9630, 1.0130, 1.0630, 1.1130, 1.1630
238.15826, 237.20433, 236.65228, 235.92529, 235.38792, 234.94120, 234.62036
81.10766, 80.06603, 79.34359, 78.21565, 77.21676, 76.24941, 75.46062
2.385500000
41.519805556
147
Masquefa 66
0.2069, 0.2569, 0.3069, 0.3569, 0.4069, 0.4569, 0.5069, 0.5569
149.04947, 152.43456, 155.90996, 159.28338, 162.47041, 165.51505, 168.21574, 170.19730
77.24499, 76.93728, 76.55754, 76.11925, 75.63332, 75.09430, 74.54591, 74.09582
1.826530000
41.507030000
245
Zaragoza 93
0.3783, 0.4283, 0.4783
117.67444, 118.26226, 118.69306
30.82388, 30.51983, 30.29409
-0.927380555
41.641700000
271
