2025-09-23T04:21:54.0963
63
66
111.131372255829
354.44790 30.04225
354.12629 29.89969
03:22:11.46 39:50:24.90
03:40:24.21 39:46:05.05
03:18:50.18 39:51:12.39
03:39:28.32 39:46:18.43
330.543966531422
353.504658266635
233.678333845799
253.347286578788
63.4893724201638
48.8262104359601
66.2069640685422
49.5724327533626
31.1174809570164
35.2678624127186
1.4500
23.0051103217497
20.455095665951
141.107425630443 DSX
34.2865945817186 STA
19.34 0.0967032531665892 
15.77 1.76100659494693e-05
347.61 0.0061755000000403
25.73 0.00422200000000217
14.15 0.0018364014288057
1.07 0.000120479791408501
1.43 0.000255968208737967
0.50 4.9501874931579e-05
0.71 5.67913463954683e-05
24.17 0.000476215667458035
262.74 0.0130888903117352
179.919640
23.10 0.0967032531665892 
20.10 0.110671289573453
349.78 0.0477030000000127
27.07 0.0290934999999983
18.37 0.110866696047708
1.07 0.000180603556791503
1.77 0.0123260696941929
0.63 0.00330514327741083
0.65 0.00140070705281903
23.51 0.0248821442176954
264.35 0.0453055566322291
180.408911
