2025-09-05T21:20:37.4535
66
69
104.427870291101
292.98972 63.44385
292.92404 63.38801
02:19:05.03 41:57:25.98
02:19:31.13 41:56:20.93
02:18:44.94 41:58:16.05
02:19:34.33 41:56:12.95
105.72084868742
101.136804017799
100.535448789493
90.4574193069532
81.9704840057711
77.0494006881609
85.7635604879215
76.4468391855171
5.35906801316358
10.1454592465635
0.2000
26.7953336773125
27.8373840325999
78.8056259261755 ANT1
76.7260387034551 AUR
62.8127143880124 SPE
24.85 1.55465620870597 
22.19 0.000285746139851994
289.75 0.144028999999989
64.41 0.0348175000000026
37.22 0.0199281603300392
1.51 0.00174122216869366
2.07 0.0069177140742549
0.52 0.00154682434315645
0.99 0.000190881590750536
22.75 0.0151390027049096
196.73 0.117098020821544
163.079634
28.35 1.55465620870597 
24.34 1.71167495308497
289.99 0.326113500000019
64.24 0.133455499999997
39.72 2.01620900126954
1.62 0.0911910895832349
2.90 0.730603706837832
0.63 0.0920893396238406
0.99 0.000277268225069016
20.65 1.86421332059528
195.84 0.642354015508289
163.564450
