2025-09-02T04:24:21.6809
66
20
121.013294795586
46.11251 59.95980
45.60552 59.86073
01:28:20.05 42:51:56.76
01:28:35.83 42:49:46.07
01:28:16.73 42:52:24.28
01:28:36.54 42:49:40.19
182.545763174554
172.273030192061
150.376287279608
136.749346920837
95.1305211561785
82.0288717607718
97.8970263524625
81.4407706355541
13.7301466758428
17.2453912436978
0.2500
54.9205867033711
62.4558254391838
74.4811051293755 ANT1
36.0609924485609 AUR
65.18 0.746101622604843 
64.22 3.18526861349255e-05
45.36 0.0152999999999963
60.07 0.00328400000000073
114.00 0.00761017241609352
2.43 0.000234188904448818
-2.24 0.00161122631917632
1.44 0.00030625746486912
0.99 4.60556962438297e-05
25.69 3.24869876067169e-05
193.44 0.0189451937204126
159.489802
55.72 0.794914750737737 
53.77 0.811945504678008
45.34 0.017795999999997
60.13 0.00815500000000213
107.01 0.67777465822968
1.56 0.0578623144558581
2.45 0.340375592727915
0.59 0.055535145061561
0.98 0.00233190805234962
21.86 0.802637015761579
204.16 1.59363103354676
159.973749
