898 75.292816 2.278612 1.153587
899 74.738251 2.282985 1.152119
900 74.071526 2.287907 1.150681
901 73.374901 2.292957 1.149244
902 72.461472 2.299083 1.147865
903 71.540855 2.305218 1.146474
904 70.896164 2.309927 1.144991
905 70.086349 2.315447 1.143546
906 69.068169 2.321992 1.142144
907 68.353622 2.326978 1.140651
908 67.500854 2.332633 1.139182
909 66.664009 2.338182 1.137698
910 65.991425 2.342883 1.136166
911 64.755310 2.350374 1.134743
912 64.678535 2.352054 1.133072
913 64.495445 2.354255 1.131422
914 63.688931 2.359533 1.129888
915 62.308529 2.367624 1.128443
916 61.387051 2.373412 1.126901
917 60.781548 2.377617 1.125299
918 60.403656 2.380683 1.123658
919 59.407841 2.386761 1.122096
920 58.564690 2.392065 1.120502
921 57.553894 2.398160 1.118916
922 57.045956 2.401778 1.117265
923 56.284252 2.406611 1.115632
924 55.701591 2.410553 1.113976
925 55.038986 2.414863 1.112319
