2025-09-15T04:13:22.2949
93
26
42.0027457887841
98.23340 49.91484
97.73577 49.93533
-00:18:21.46 40:47:45.92
-00:22:25.03 40:45:49.83
-00:15:05.89 40:49:18.95
-00:22:57.36 40:45:34.40
144.434559223406
137.214585999029
189.74766202261
188.369456157604
94.2561148250852
82.3235273160108
103.866666725097
80.7424192991084
13.7519387339153
26.644565078939
0.2000
68.7596772759919
64.212104913147
90.2288037549655 ANT1
32.6277099202158 SPE
61.553685844136 DSX
77.38 1.26605995969447 
76.57 0.000141151874117895
98.13 0.0310685000000035
50.07 0.0199860000000029
136.82 0.0323876542574055
2.90 0.00141432134417618
-0.86 0.000754214051858493
2.09 0.000885602888873294
0.94 0.000269187343475141
25.66 7.58723559357577e-05
154.44 0.0537915574675196
172.103859
70.04 1.27701520433552 
67.84 1.29426827925728
98.20 0.0300249999999949
50.07 0.0203819999999979
133.76 0.589012271546153
2.05 0.116733217934559
-5.61 2.86650527885841
1.22 0.114777113218909
0.92 0.00513105996358443
25.65 0.00416968619137492
147.88 1.70042586642643
172.590996
