420.935242 974 0.459981 -0.278233
421.398712 973 0.461096 -0.275981
422.675110 972 0.463726 -0.273478
423.255707 971 0.465052 -0.271195
424.777954 970 0.468131 -0.268623
425.104950 969 0.468977 -0.266423
426.300781 968 0.471439 -0.263959
427.107910 967 0.473172 -0.261617
427.715149 966 0.474531 -0.259338
428.312836 965 0.475868 -0.257064
430.207642 964 0.479610 -0.254403
430.472595 963 0.480323 -0.252234
431.421234 962 0.482301 -0.249863
431.899384 961 0.483403 -0.247634
433.521515 960 0.486621 -0.245071
433.545654 959 0.486876 -0.242980
435.278412 958 0.490290 -0.240392
435.753784 957 0.491375 -0.238173
436.942871 956 0.493775 -0.235750
437.242432 955 0.494530 -0.233586
438.573273 954 0.497184 -0.231129
438.983429 953 0.498137 -0.228937
440.531128 952 0.501184 -0.226426
440.713837 951 0.501713 -0.224302
442.498718 950 0.505188 -0.221732
442.503815 949 0.505385 -0.219661
444.162415 948 0.508620 -0.217133
444.494995 947 0.509414 -0.214975
445.779114 946 0.511954 -0.212558
446.241608 945 0.512982 -0.210368
447.557983 944 0.515574 -0.207949
448.158295 943 0.516849 -0.205726
448.991943 942 0.518550 -0.203443
449.758179 941 0.520125 -0.201180
450.728485 940 0.522070 -0.198866
451.115723 939 0.522946 -0.196707
452.640808 938 0.525901 -0.194252
452.881866 937 0.526504 -0.192136
454.358673 936 0.529365 -0.189701
454.770721 935 0.530276 -0.187544
456.230652 934 0.533100 -0.185120
456.500000 933 0.533747 -0.183003
458.109467 932 0.536837 -0.180548
458.414856 931 0.537545 -0.178426
459.763275 930 0.540153 -0.176044
460.178741 929 0.541058 -0.173897
461.000000 928 0.542701 -0.171652
461.226044 927 0.543257 -0.169556
461.798157 926 0.544442 -0.167375
