2025-09-05T21:20:37.2396
69
26
81.1151768447298
291.69300 61.48962
291.60854 61.43677
02:19:10.39 41:56:58.05
02:19:38.57 41:56:02.12
02:18:53.56 41:57:31.43
02:19:39.47 41:56:00.34
95.0462420746426
90.10888914383
156.153922851752
153.210861414694
80.8772739947108
76.2483415382867
83.6441719757304
76.1014025093646
4.99121367594113
8.13283231143906
0.2500
19.9648547037645
22.2025212945899
78.5338397768933 ANT1
78.7638577153087 AUR
64.4713579210433 SPE
15.41 1.93349978854504 
10.60 0.000611322969495731
283.80 0.297716999999977
64.43 0.0726345000000066
19.68 0.0103799395521982
1.12 0.00158320819977931
1.14 0.00197234969037829
0.13 0.00123378864653023
1.00 0.000353191245803797
24.53 0.0044317046885034
205.84 0.476612591461645
163.079634
21.90 1.93349978854504 
16.48 2.34198921554961
286.71 0.990808499999957
62.96 0.388976500000005
28.72 3.38355737085639
1.32 0.0891238343338443
1.50 0.200837292792108
0.33 0.0907740345377736
0.99 0.000974211011847026
23.87 0.374170380747344
199.40 1.51048751075257
163.564450
