2025-09-05T04:15:03.3407
69
26
16.1561819613943
121.67594 29.00925
121.27948 29.08432
03:16:33.82 42:00:02.36
02:51:18.16 41:56:15.16
03:24:49.51 42:01:15.36
02:50:54.81 41:56:11.61
129.975726198049
92.6390861827744
246.07910246716
190.156592777671
95.5278120352186
72.2158109576576
103.222551561915
71.8592088760161
42.9511626377589
57.7075235891529
0.8000
53.6889404967577
53.1941858552181
121.703000795737 ANT1
23.0704796681699 AUR
63.3558993585178 SPE
52.55 0.727158742540698 
51.34 5.10211401234528e-05
122.22 0.0105049999999949
28.78 0.0133544999999984
127.90 0.06081503585294
0.10 0.000258880620311097
2.38 0.00240892198967524
0.98 7.85427013435536e-05
0.05 0.000132999538806883
25.59 2.33685739168266e-05
23.56 0.0270799023558297
162.388600
54.42 0.727158742540698 
52.51 0.743484059666876
122.19 0.0247510000000091
28.80 0.0191909999999993
132.13 1.78708830729821
0.12 0.0107077493297668
2.84 0.415941526089723
0.98 0.00148412399978659
0.06 0.00537145846326041
25.59 0.00029381140723217
26.28 1.56655902286854
162.873246
