2460920.389092266094
Ager 20
0.0213, 0.0713, 0.1213, 0.1713, 0.2213, 0.2713, 0.3213, 0.3713, 0.4213, 0.4713
327.63755, 327.75677, 327.86852, 327.99546, 328.10147, 328.21700, 328.33600, 328.45807, 328.57924, 328.67051
-8.17271, -8.86902, -9.51933, -10.25498, -10.86672, -11.53044, -12.21084, -12.90510, -13.59043, -14.10399
0.744033333
42.017627778
736
Cabrils 55
0.5601, 0.6101, 0.6601, 0.7101, 0.7601, 0.8101, 0.8601, 0.9101
267.35948, 267.29537, 267.24609, 267.18836, 267.13204, 267.06818, 267.01066, 266.96579
7.45599, 6.56835, 5.88375, 5.07972, 4.29346, 3.39992, 2.59369, 1.96388
2.385500000
41.519805556
147
Masquefa 66
0.0000, 0.0500, 0.1000, 0.1500, 0.2000, 0.2500, 0.3000, 0.3500, 0.4000
288.51350, 288.53204, 288.54459, 288.55979, 288.57489, 288.59085, 288.60698, 288.62167, 288.63397
9.98522, 8.83804, 8.05703, 7.10788, 6.16060, 5.15559, 4.13687, 3.20715, 2.42679
1.826530000
41.507030000
245
