2025-09-05T21:20:38.0378
55
66
132.658415785414
291.00556 63.79762
290.94776 63.74637
02:18:44.34 41:58:18.49
02:19:20.89 41:56:55.18
02:19:04.58 41:57:32.37
02:19:38.59 41:56:14.82
101.056718254294
94.4023036834833
106.118328535623
100.808780301012
85.7565860338218
79.6194369399318
82.3574585001179
76.6506989204518
6.72119294640005
6.25046062768732
0.2500
26.8847717856002
26.4316102993491
79.7544410359541 ANT1
76.5693496814076 AUR
63.3040132945994 SPE
28.19 2.34426160185218 
25.88 0.000309026925421563
288.01 0.179423499999984
64.46 0.032921999999985
41.52 0.0265830460546255
1.71 0.00229617448085451
3.57 0.0265782852225422
0.72 0.0020300203629422
1.00 0.000188261798055089
18.95 0.0755906867736549
193.62 0.116352734984673
163.079634
29.23 2.34426160185218 
24.42 2.58062015100309
287.80 0.496328500000004
64.58 0.177240499999996
39.72 3.01377367793883
1.64 0.138717534095222
3.37 1.3383125012467
0.65 0.139711802822507
1.00 0.000359481829705133
19.16 3.66208443072494
194.15 0.78738999214346
163.564450
