2025-09-02T23:53:13.6938
14
84
35.8769185366357
309.54817 21.11297
309.26181 21.02196
-03:46:23.06 36:43:52.53
-03:44:01.64 36:44:46.65
-03:52:47.78 36:41:24.98
-03:47:49.69 36:43:19.35
84.7405833472937
78.8945576695971
109.592374616944
94.8245808112622
81.3425600327701
74.0596576043981
101.265831483596
85.8147698340617
8.27667113439881
17.5468833838949
0.4500
18.3926005719362
17.537122662436
47.7287258393037 ANT1
111.049261885622 AUR
18.81 0.322326965051947 
15.12 0.000110381903741796
305.76 0.0275865000000408
18.87 0.00645600000000002
14.62 0.00204203975044059
1.49 0.000509637609027225
2.67 0.00298073357357476
0.66 0.000325750851390527
0.90 0.000133106787126414
21.39 0.00737186761807962
223.87 0.033639449562088
160.275329
18.71 0.322326965051947 
14.60 0.406123008368926
305.60 0.151795499999992
18.75 0.103114999999999
14.14 0.354205294881428
1.48 0.0138813418896955
2.54 0.134061544572321
0.64 0.0198105489305342
0.90 0.00248192445514417
21.72 0.320684531247103
223.31 0.101772296678632
160.759463
