1362.035156 812 5.936006 0.233020
1361.702759 811 5.937206 0.232803
1362.144897 810 5.937986 0.231785
1358.812622 809 5.940809 0.234658
1361.964722 808 5.940120 0.230846
1360.953247 807 5.941686 0.231326
1359.899536 806 5.943276 0.231847
1361.287598 805 5.943540 0.229853
1358.455322 804 5.946096 0.232203
1361.350708 803 5.945540 0.228657
1362.349487 802 5.946014 0.227063
1362.000977 801 5.947219 0.226855
1359.953857 800 5.949347 0.228394
1362.311401 799 5.949081 0.225401
1363.512451 798 5.949443 0.223597
1360.968994 797 5.951840 0.225644
1361.140015 796 5.952761 0.224899
1358.867798 795 5.955014 0.226663
1359.925537 794 5.955450 0.225005
1359.418091 793 5.956741 0.224955
1359.140503 792 5.957905 0.224667
1358.853516 791 5.959075 0.224389
1358.572021 790 5.960241 0.224104
1358.523315 789 5.961280 0.223579
1359.046753 788 5.962006 0.222468
1358.395996 787 5.963373 0.222560
1356.775146 786 5.965273 0.223644
1357.011353 785 5.966155 0.222825
1356.958618 784 5.967194 0.222302
1357.306519 783 5.968014 0.221368
1356.765991 782 5.969321 0.221342
1355.884888 781 5.970815 0.221664
1361.133179 780 5.968942 0.215715
1360.823120 779 5.970120 0.215453
1358.163086 778 5.972588 0.217594
1356.269653 777 5.974639 0.218948
1356.092163 776 5.975744 0.218547
1355.943237 775 5.976834 0.218116
1355.636597 774 5.978011 0.217846
1355.504761 773 5.979091 0.217396
1355.384766 772 5.980164 0.216934
1355.130371 771 5.981311 0.216608
1354.885132 770 5.982452 0.216273
1354.632568 769 5.983598 0.215944
1354.524414 768 5.984663 0.215467
1354.326904 767 5.985778 0.215080
1354.122192 766 5.986896 0.214701
1353.890259 765 5.988029 0.214348
1353.633667 764 5.989176 0.214020
1353.514404 763 5.990246 0.213551
1353.413574 762 5.991305 0.213063
1353.140015 761 5.992461 0.212750
1352.835449 760 5.993633 0.212467
1352.604370 759 5.994764 0.212110
1352.526855 758 5.995810 0.211595
1352.339600 757 5.996916 0.211192
1352.163208 756 5.998016 0.210777
1351.895630 755 5.999167 0.210453
1351.604980 754 6.000330 0.210153
1351.488892 753 6.001395 0.209674
1351.300659 752 6.002501 0.209269
1351.119873 751 6.003602 0.208854
1350.861084 750 6.004747 0.208519
1350.684692 749 6.005845 0.208099
1350.491455 748 6.006952 0.207696
1350.369019 747 6.008020 0.207220
1350.080811 746 6.009180 0.206911
1349.813721 745 6.010328 0.206581
1349.625488 744 6.011432 0.206169
1349.496704 743 6.012502 0.205698
1349.319092 742 6.013599 0.205274
1349.080322 741 6.014730 0.204912
1348.868530 740 6.015846 0.204522
1348.650024 739 6.016965 0.204139
1348.475830 738 6.018060 0.203709
1348.282349 737 6.019164 0.203299
1348.024414 736 6.020305 0.202953
1347.839111 735 6.021405 0.202533
1347.875854 734 6.022379 0.201888
1348.217163 733 6.023182 0.200936
1348.428345 732 6.024057 0.200115
1346.206665 731 6.026304 0.201744
