2025-09-01T22:30:40.3416
20
93
20.7221953714026
37.18235 10.53386
36.83741 10.42000
-00:58:23.99 41:54:08.01
-01:43:09.31 41:53:31.58
-01:16:25.56 41:53:55.42
-01:31:56.19 41:53:42.34
178.564139721558
224.481539093572
106.997275867818
109.783228399986
104.173471671626
87.5903678289687
97.4111787830589
91.6823974211657
65.0096776682718
22.5214984342891
1.0000
65.0096776682718
64.5415276339646
47.368891140929 ANT1
56.6025556988284 AUR
63.84 0.200184800847197 
62.85 2.41756639951518e-05
37.66 0.0125200000000021
10.14 0.00985999999999976
168.69 0.0310028076845299
0.71 0.000416270500843252
9.69 0.0545436312425274
0.96 0.00023646245076947
0.36 0.000255688470387816
-4.40 0.254748392888883
107.93 0.0212499818346004
339.251651
65.21 0.200184800847197 
64.04 0.20321687133827
37.64 0.0153510000000026
10.16 0.0122080000000011
168.86 0.0784268283460392
0.75 0.0105193739674343
7962.52 11613.9194852097
1.01 0.0070222520363763
0.37 0.00401133702308548
-1369526.76 1369552.53673203
104.64 0.710908156577446
339.735542
