3622.45379621602 -3066.69461055171 4247.55149647418 -0.161245713693205 -0.926914847713918 0.338863814685271
3622.46497753836 -3066.68140285469 4247.55149647418 -0.173307946629241 -0.927262387603959 0.331886758051843
3622.47615881255 -3066.66819511689 4247.55149647418 -0.185075150036974 -0.927394159717054 0.325095772598614
3622.48734003551 -3066.65498734195 4247.55149647418 -0.197048642578838 -0.927403644160473 0.31795331930287
3622.49852121338 -3066.64177952262 4247.55149647418 -0.208004933842111 -0.927225951685078 0.311425724722669
3622.50970234309 -3066.62857166253 4247.55149647418 -0.219035860675168 -0.926896616621354 0.304771970223928
3622.52088342465 -3066.61536376166 4247.55149647418 -0.229916033380609 -0.92640446106635 0.298183487320965
3622.53206445805 -3066.60215582003 4247.55149647418 -0.240468309366879 -0.925805917620315 0.291647724300124
3622.5432454433 -3066.58894783763 4247.55149647418 -0.25055119549224 -0.925098915685015 0.285335056794323
3622.55442638039 -3066.57573981447 4247.55149647418 -0.260701651204957 -0.924231074956989 0.278983098310378
3622.56560726932 -3066.56253175054 4247.55149647418 -0.270485134018955 -0.92326177005044 0.272810366808295
3622.57678811009 -3066.54932364584 4247.55149647418 -0.279938110604285 -0.922199250929661 0.266801791253497
3622.5879689027 -3066.53611550038 4247.55149647418 -0.288770332625987 -0.92113252774715 0.26101065365464
3622.59914964716 -3066.52290731416 4247.55149647418 -0.297512917337956 -0.919950513821034 0.255298092702384
3622.61033034346 -3066.50969908716 4247.55149647418 -0.306238882905252 -0.918644914272987 0.249618244680393
3622.6215109916 -3066.4964908194 4247.55149647418 -0.314369114119905 -0.91733560599381 0.244269208177034
3622.63269159158 -3066.48328251088 4247.55149647418 -0.322891053081305 -0.915860649415134 0.238622376764911
3622.64387214034 -3066.47007416522 4247.55149647418 -0.331339998343524 -0.914326758135935 0.232852710644188
3622.65505264401 -3066.45686577516 4247.55149647418 -0.338937759072611 -0.912804115998375 0.227837313211121
3622.66623309952 -3066.44365734434 4247.55149647418 -0.346400040298013 -0.911312909134282 0.222521445543453
3622.67741350687 -3066.43044887276 4247.55149647418 -0.355083662655466 -0.909401801460816 0.216573211674489
