512 476.500000 5.053761 0.952786
513 476.644714 5.050637 0.950159
514 477.304169 5.044951 0.948254
515 478.006195 5.039079 0.946396
516 478.903595 5.032254 0.944795
517 479.877167 5.025075 0.943278
518 480.744171 5.018458 0.941598
519 481.521118 5.012321 0.939779
520 482.746948 5.003958 0.938538
521 483.714294 4.996920 0.936931
522 484.651428 4.990063 0.935266
523 485.484955 4.983754 0.933451
524 486.408264 4.977022 0.931732
525 487.146057 4.971250 0.929765
526 487.851990 4.965665 0.927745
527 489.167755 4.957050 0.926454
528 489.977570 4.951001 0.924527
529 490.805450 4.944890 0.922608
530 491.666290 4.938642 0.920712
531 492.594635 4.932084 0.918878
532 493.465668 4.925841 0.916962
533 494.238098 4.920119 0.914919
534 495.551666 4.911724 0.913464
535 496.427246 4.905546 0.911502
536 497.148010 4.900167 0.909356
537 497.869202 4.894812 0.907200
538 498.790649 4.888489 0.905245
539 499.566650 4.882917 0.903122
540 500.420441 4.876986 0.901067
541 501.560669 4.869665 0.899288
542 502.529114 4.863224 0.897316
543 503.382080 4.857383 0.895213
544 504.122559 4.852126 0.892987
545 504.971527 4.846360 0.890854
546 505.663239 4.841394 0.888559
547 506.578186 4.835358 0.886464
548 507.738220 4.828149 0.884580
549 508.624054 4.822314 0.882426
550 509.469971 4.816702 0.880223
551 510.401642 4.810698 0.878083
552 511.005951 4.806319 0.875644
553 511.784485 4.801114 0.873348
554 512.739624 4.795078 0.871191
555 513.796814 4.788576 0.869104
556 514.690308 4.782897 0.866866
557 515.580505 4.777260 0.864612
558 516.287659 4.772533 0.862201
559 517.044800 4.767590 0.859820
560 517.691284 4.763201 0.857345
