4326.72376833081 2686.79868307333 3826.64276890072 -0.289210509447576 0.925734389683963 0.24366600292518
4326.71397207822 2686.81445854129 3826.64276890072 -0.294342106388288 0.924381236225162 0.242656247646228
4326.70417576811 2686.83023397352 3826.64276890072 -0.297604761115934 0.923489538537313 0.242071225826757
4326.69437940048 2686.84600937003 3826.64276890072 -0.301256622151372 0.922473317182602 0.241427891296908
4326.68458297534 2686.86178473083 3826.64276890072 -0.304603562093866 0.921554095793832 0.24073786259195
4326.67478649267 2686.87756005591 3826.64276890072 -0.308600404636051 0.920413274054713 0.240010823094187
4326.66498995518 2686.89333534094 3826.64276890072 -0.311570439624872 0.919547055671901 0.239493368503394
4326.65519335748 2686.90911059458 3826.64276890072 -0.315396517370789 0.918414491109782 0.238830189360428
4326.64539670226 2686.9248858125 3826.64276890072 -0.319034818192472 0.917423681590404 0.237803644290841
4326.63559998953 2686.9406609947 3826.64276890072 -0.322951606164117 0.916278743352734 0.236929366174713
4326.62580321928 2686.95643614119 3826.64276890072 -0.326896195039336 0.915119428938014 0.235998534844961
4326.61600639151 2686.97221125195 3826.64276890072 -0.330794793841227 0.913952873711895 0.235084982509113
4326.60620950623 2686.98798632699 3826.64276890072 -0.333397346269958 0.913128721158562 0.234610630823669
4326.59641256342 2687.00376136632 3826.64276890072 -0.336899415441494 0.912007785306184 0.233967056262392
4326.5866155631 2687.01953636992 3826.64276890072 -0.340033016155301 0.911005705661026 0.233336992732369
4326.57681850527 2687.0353113378 3826.64276890072 -0.343693913501187 0.909841531046137 0.232514262370848
4326.56702138992 2687.05108626996 3826.64276890072 -0.347239549110368 0.908679161436881 0.23179058890299
4326.55722421705 2687.0668611664 3826.64276890072 -0.350917616311197 0.907485863794881 0.230924735736401
4326.54742698667 2687.08263602712 3826.64276890072 -0.353800712397694 0.906486074562596 0.23045184427767
4326.53762969877 2687.09841085212 3826.64276890072 -0.356993529369092 0.905447319936269 0.229610040740441
4326.52783235604 2687.11418563707 3826.64276890072 -0.360407461773219 0.904249611830031 0.228995853681729
4326.51803495311 2687.12996039062 3826.64276890072 -0.363876416795532 0.903112512761595 0.227995049493365
4326.50823749266 2687.14573510846 3826.64276890072 -0.367174203885052 0.90190661001913 0.227480924046786
4326.4984399747 2687.16150979057 3826.64276890072 -0.369316775649223 0.90114116841772 0.227045620540914
4326.48864239922 2687.17728443695 3826.64276890072 -0.372818675029709 0.899917307494644 0.226174877518884
4326.47884476623 2687.19305904762 3826.64276890072 -0.376488965723821 0.898564282660695 0.22547347652147
4326.46904707572 2687.20883362256 3826.64276890072 -0.379238261583136 0.897531616451262 0.224978528801718
4326.4592493277 2687.22460816178 3826.64276890072 -0.382332009463973 0.89641051661258 0.224210660419185
4326.44945152216 2687.24038266528 3826.64276890072 -0.384908760160747 0.895465764268757 0.223576186956679
4326.43965365911 2687.25615713305 3826.64276890072 -0.387922953554177 0.894314769339676 0.222972813245753
