2025-09-17T02:32:15.5101
20
93
149.033169639795
22.45267 12.65657
22.11099 12.52428
-01:37:30.45 40:06:49.32
-01:36:57.57 40:07:54.30
-01:39:05.90 40:03:40.44
-01:36:59.57 40:07:50.35
299.653688131717
296.734985283577
203.080258210977
189.582362844795
66.2131340245414
62.2520361748921
77.756407695817
62.492685749442
4.51767965533228
17.403676857514
0.1500
30.1178452204716
20.043375883344
40.3610599173849 SPE
119.108391232802 DSX
32.81 1.32962220111193 
30.85 0.000148317161247746
21.49 0.0391005
11.76 0.00832800000000056
5.54 0.0357782906797803
0.23 0.000587740828446232
1.07 0.00139340503461227
0.89 0.000152872152938688
0.12 0.000321356027445804
24.71 0.00215188147774015
330.63 0.0594787019321643
173.984623
31.45 1.32962220111193 
27.96 1.43234828746508
21.43 0.0714365000000008
11.57 0.108521
4.25 0.557083645459167
0.29 0.0268144582054478
0.99 0.0408829087756104
0.84 0.0232139243579925
0.16 0.016531893185803
24.84 0.0653563195467441
328.14 0.898548480908232
174.472264
