828 180.530106 0.239319 -0.418352
829 180.000000 0.238191 -0.421902
830 179.369888 0.237249 -0.425662
831 179.316269 0.235212 -0.428214
832 177.432571 0.236630 -0.434607
833 177.979080 0.233453 -0.435900
834 177.024612 0.233105 -0.440344
835 176.328018 0.232266 -0.444247
836 175.546600 0.231581 -0.448330
837 175.194290 0.230085 -0.451511
838 174.730972 0.228794 -0.454927
839 174.713058 0.226663 -0.457408
840 173.397202 0.226962 -0.462615
841 172.665466 0.226159 -0.466596
842 173.000000 0.223358 -0.468337
