2460935.534467907622
Ager 20
0.0000, 0.0500, 0.1000, 0.1500, 0.2000, 0.2500, 0.3000, 0.3500, 0.4000, 0.4500, 0.5000, 0.5500, 0.6000, 0.6500, 0.7000, 0.7500, 0.8000
71.53930, 72.12141, 72.71783, 73.31784, 73.94201, 74.56673, 75.14959, 75.83051, 76.48470, 77.07197, 77.73515, 78.41453, 79.06143, 79.79517, 80.57007, 81.12700, 81.81891
22.19699, 22.38789, 22.58079, 22.77208, 22.96814, 23.16137, 23.33893, 23.54304, 23.73576, 23.90595, 24.09493, 24.28498, 24.46262, 24.66018, 24.86429, 25.00812, 25.18344
0.744033333
42.017627778
736
Sesgueioles 65
1.5174, 1.5674, 1.6174, 1.7174, 1.7674, 1.8674, 1.9674, 2.0674, 2.1674, 2.2674, 2.3674
64.48451, 65.47513, 66.43492, 68.57905, 69.66817, 71.96426, 74.46669, 77.08859, 79.73825, 82.63704, 85.39529
47.01572, 47.52211, 47.99562, 48.99490, 49.47278, 50.41816, 51.35780, 52.24770, 53.05537, 53.84068, 54.49884
1.487027778
41.702661111
632
