2025-09-05T21:20:37.3594
26
66
29.8803281052533
286.08731 62.44522
286.02156 62.40560
02:18:31.44 41:57:24.80
02:19:19.27 41:56:06.23
02:18:40.36 41:57:10.16
02:19:22.47 41:56:00.98
154.995062613013
152.914280739603
104.647568650285
99.8947023607289
82.3043372761058
76.3381179928965
81.1917225591851
75.9398815670465
6.5473937602973
5.76356518653816
0.2500
26.1895750411892
24.1784095051321
81.3342746926441 ANT1
78.2731769944973 AUR
65.877105086504 SPE
23.23 0.490593250398331 
20.35 8.6715579627139e-05
282.00 0.0415345000000116
63.34 0.0114209999999986
34.09 0.00537221216594475
1.49 0.000466106293224744
1.98 0.00170610518751357
0.49 0.000423325783592887
1.00 3.68123481708782e-05
22.93 0.00366110782496065
192.13 0.0317771447805626
163.079634
26.68 0.490593250398331 
23.68 0.542622239624723
282.62 0.124093000000016
63.07 0.0359639999999999
38.07 0.625362573417114
1.67 0.0299784743150076
3.03 0.274574689429405
0.67 0.0300992959358105
1.00 9.5219238762434e-05
20.40 0.717650169518436
191.32 0.102928159374699
163.564450
