2025-09-10T02:07:35.4400
66
93
119.323913047428
48.41735 40.30118
47.99745 40.20625
02:12:55.93 42:48:54.30
02:07:46.02 42:48:48.77
02:09:42.15 42:48:50.87
02:06:57.79 42:48:47.89
180.478197812223
168.117731606203
301.143769033487
294.578942875561
98.9795411149717
77.9876968420003
85.8368165858383
74.7334164308095
22.1738021384997
11.7303093950381
0.3500
63.353737658237
66.1787865336171
58.516987252772 ANT1
0.206261939773051 SPE
87.7111997951971 DSX
66.81 0.497979398090798 
65.87 8.08008994539477e-05
48.22 0.0141375000000039
40.35 0.0176744999999983
139.00 0.0351645612133211
1.56 0.000804859309629258
-12.22 0.101408769193117
1.06 0.000520621453245829
0.76 0.000401077316352416
25.78 4.27434346761402e-05
238.79 0.0513649851546631
167.155095
63.88 0.527640352723351 
62.36 0.536066616648284
48.24 0.0112889999999979
40.35 0.017072000000006
137.06 0.327924464908648
1.30 0.0373488676019467
4.96 1.0554108383716
0.85 0.0296359940255948
0.70 0.00913262460691588
14.58 3.52055222868652
250.32 1.94649338775471
167.640937
