2025-09-17T00:28:08.0584
59
84
91.8729236366079
58.73084 37.74325
58.30673 37.66896
00:17:47.54 37:33:52.13
00:13:28.72 37:32:44.63
00:23:56.25 37:35:27.96
00:13:08.22 37:32:39.27
151.485520431509
145.054416230784
408.325079132341
387.142395233936
101.971336716472
94.7233146392155
112.330968691545
94.1500133022391
9.93046299331977
24.8931378284379
0.1500
66.2030445313696
86.6215225019092
3.54303852936025 SPE
85.0116701702438 DSX
53.42 0.882251912512246 
52.23 3.33306957287505e-05
59.11 0.00995199999999841
37.76 0.00378699999999554
139.11 0.0141527553282685
0.62 0.000104311938847523
0.94 0.0002078268780773
0.59 0.000141788310511592
0.39 9.23005070769811e-05
24.96 0.00032934193786005
311.07 0.0119876862972319
173.900822
67.09 0.882251912512246 
65.25 0.895125894450047
58.89 0.014346500000002
37.81 0.00201249999999931
146.66 0.368878557399796
1.38 0.0649459753011499
25.01 19.437093700026
0.93 0.0549880048227432
0.72 0.013325770132893
-128.90 141.577692453062
246.22 2.87139313082886
174.388441
