427.374207 170 1.458656 0.280570
428.016602 169 1.458607 0.279349
427.248474 168 1.460309 0.278188
427.167938 167 1.461160 0.276996
426.971008 166 1.462156 0.275808
426.658325 165 1.463297 0.274623
426.486420 164 1.464265 0.273432
426.415924 163 1.465108 0.272236
426.282990 162 1.466030 0.271041
426.042175 161 1.467087 0.269849
425.668304 160 1.468310 0.268660
425.603973 159 1.469151 0.267460
425.353607 158 1.470224 0.266264
425.016113 157 1.471406 0.265070
424.687378 156 1.472579 0.263874
424.342438 155 1.473774 0.262678
424.044495 154 1.474911 0.261478
423.724792 153 1.476077 0.260278
423.489716 152 1.477139 0.259074
423.500580 151 1.477897 0.257862
422.859802 150 1.479466 0.256666
423.150146 149 1.479880 0.255445
