2025-09-10T02:07:35.2331
26
66
135.132029668609
48.08328 39.96997
47.66490 39.87442
02:12:55.64 42:47:54.26
02:07:46.35 42:47:53.37
02:12:58.10 42:47:54.27
02:07:24.02 42:47:53.29
180.428299582365
164.338165060192
179.081972429701
165.751652161114
98.9973204040516
77.86033865434
99.1658346789382
76.3402839563505
22.3066503121785
24.0889479204323
0.3500
63.7332605573211
69.5961361525765
58.1321379199503 ANT1
0.285973029404622 SPE
87.9551090405281 DSX
69.62 0.561883661386255 
68.71 2.56332365893286e-05
47.87 0.00663899999999984
40.02 0.00330100000000044
140.47 0.00906255759122132
1.77 0.000167697707908809
-2.84 0.00195617699935546
1.27 0.000175174479777995
0.78 0.000101631705757277
25.77 8.51486822028846e-06
233.69 0.0119926811446192
167.155095
64.30 0.561883661386255 
62.74 0.570747766884416
47.90 0.00339300000000264
40.01 0.00258750000000418
137.54 0.313985907803925
1.31 0.0392618225577226
6.14 1.6724274004373
0.88 0.0318150103181224
0.70 0.00916047617176707
10.17 6.19767691749516
250.16 1.96004894020385
167.640937
