2025-09-23T04:21:53.0012
44
97
104.247567689164
354.51694 29.85126
354.19517 29.70868
03:06:28.14 39:54:02.33
03:46:51.42 39:44:35.93
02:52:41.59 39:57:11.73
03:12:28.19 39:52:39.22
206.538136284932
234.153608019977
94.0314590401911
83.341519428778
76.074058538903
43.5727034092552
87.3335047759874
71.197119406188
68.937146985793
33.8700526706578
3.2022
21.5280583241084
22.8908949800377
141.201272548482 DSX
34.1180440968359 STA
25.01 0.0358230455484854 
22.37 2.33611394655497e-05
350.59 0.00594250000000329
27.29 0.00551849999999732
20.55 0.00341679991657173
1.06 0.000155025337144732
2.04 0.000767843602267781
0.69 8.53055593147412e-05
0.62 6.92861994273652e-05
22.94 0.00165924466714884
265.73 0.0122458325978982
179.919640
21.56 0.0358230455484854 
18.39 0.0419292687775652
349.13 0.0255089999999996
26.41 0.0176935
16.56 0.0441128680852501
1.07 0.0002181518696458
1.61 0.00367008857935636
0.58 0.00127551941135151
0.67 0.00063200951193465
23.82 0.00710767476893537
263.72 0.0340525331307049
180.408911
