1619.81613144229 4498.38387254747 4207.4155758317 0.0320902264375987 0.902900120116956 -0.428650895788134
1619.78332866221 4498.395684315 4207.4155758317 0.0221820038266193 0.901257036619105 -0.432716665557019
1619.750525796 4498.40749584333 4207.4155758317 0.0123540240343427 0.899115863266237 -0.437536332792111
1619.71772284366 4498.41930713245 4207.4155758317 0.00260871879349336 0.897288687312555 -0.441436525683103
1619.68491980519 4498.43111818237 4207.4155758317 -0.00730544674049315 0.895071922611481 -0.445861955991435
1619.6521166806 4498.44292899309 4207.4155758317 -0.0163331440244976 0.89297472748291 -0.449810365024082
1619.61931347438 4498.45473956298 4207.4155758317 -0.0259361719324428 0.890943900165268 -0.453372122812808
1619.58651017754 4498.46654989529 4207.4155758317 -0.0352603390695513 0.888516964729041 -0.45748695268542
1619.55370679457 4498.47835998839 4207.4155758317 -0.0443293187805994 0.886190546166884 -0.461195432957534
1619.52090332549 4498.49016984229 4207.4155758317 -0.0534576919448919 0.883813355097398 -0.464775460328325
1619.48809977028 4498.50197945697 4207.4155758317 -0.0623261410808199 0.881406025286901 -0.468229506466563
1619.45529612897 4498.51378883245 4207.4155758317 -0.0711872417765639 0.878558685091624 -0.472299707239292
1619.42249240153 4498.52559796873 4207.4155758317 -0.0784187269653977 0.876922651923944 -0.474191064660443
1619.38968859249 4498.53740686417 4207.4155758317 -0.0906349422077553 0.87325337820784 -0.478762827190658
1619.35688469283 4498.54921552202 4207.4155758317 -0.0970063874230402 0.871283599692544 -0.481097339117494
1619.32408070706 4498.56102394067 4207.4155758317 -0.10617505366352 0.867849902234452 -0.485348745925237
1619.29127663519 4498.5728321201 4207.4155758317 -0.114244293567458 0.865290905144099 -0.488077750837076
1619.25775078725 4498.58489983142 4207.4155758317 -0.122894067563918 0.862101946207905 -0.491606837322406
1619.22494654128 4498.59670752717 4207.4155758317 -0.130829444582674 0.859000929520973 -0.494975817098465
1619.1921422092 4498.6085149837 4207.4155758317 -0.138586720088 0.856195243670544 -0.497718219207603
1619.15933779102 4498.62032220102 4207.4155758317 -0.146912955643687 0.853305658155346 -0.500285955453586
1619.12653328674 4498.63212917913 4207.4155758317 -0.154315588259582 0.850087240630758 -0.503525950211986
1619.09372869636 4498.64393591802 4207.4155758317 -0.161938477856205 0.847501667308261 -0.505486748885994
1619.06092401989 4498.6557424177 4207.4155758317 -0.169515180554906 0.84457540054603 -0.507894670531155
1619.02811926183 4498.66754867654 4207.4155758317 -0.176635966862708 0.841686577420404 -0.510258209733859
1618.99531441317 4498.67935469778 4207.4155758317 -0.183662744571103 0.838970248523309 -0.512246931029701
1618.96250947842 4498.69116047981 4207.4155758317 -0.190295683351976 0.836418245605467 -0.51399617830863
1618.92970445759 4498.70296602262 4207.4155758317 -0.196884758822268 0.833812618258065 -0.515745004219263
1618.89689935067 4498.71477132621 4207.4155758317 -0.203241804673471 0.831239901613935 -0.517429217186202
1618.86409415766 4498.72657639059 4207.4155758317 -0.208961219243692 0.828960888972688 -0.518805409961964
1618.83128887857 4498.73838121574 4207.4155758317 -0.214923354595866 0.826378490149428 -0.520486832367171
1618.7984835179 4498.75018580005 4207.4155758317 -0.220809230012139 0.823750701142673 -0.52218585418259
1618.76567806665 4498.76199014676 4207.4155758317 -0.226248625160506 0.821162824945163 -0.523930505449969
