2025-09-05T04:15:03.5138
44
26
16.4560921653661
121.73687 30.42573
121.33648 30.50093
03:17:14.33 42:01:06.31
02:51:19.65 41:56:42.73
03:18:30.78 42:01:19.10
02:48:52.43 41:56:17.43
132.910960067875
93.6841388479586
236.225993257992
187.046564129741
97.6722074741265
72.9501229234775
98.896878125709
70.627000520547
44.6691465716963
51.0895426106453
0.8000
55.8364199021805
59.3119607039435
121.286178704286 ANT1
22.3904993928587 AUR
62.6332341960269 SPE
59.38 0.738367495897963 
58.31 2.53255968587496e-05
122.14 0.00539049999999008
30.30 0.00716249999999619
137.09 0.0228542539424552
0.25 0.000229576034682377
-9.22 0.0201291716073104
1.01 2.68652792680957e-05
0.12 0.000115056721002524
25.59 1.34996459699721e-05
42.01 0.0181754372721556
162.388600
56.57 0.738367495897963 
54.70 0.753654610950875
122.21 0.0181605000000076
30.26 0.0117304999999988
132.36 1.39509199942066
0.19 0.0134887545299207
5.41 1.53663547123695
0.98 0.0040410371334213
0.09 0.00661860206884994
25.59 0.000261741933336168
33.74 1.75479489401222
162.873246
