2025-09-12T02:51:12.2198
59
97
84.7607784504297
45.97209 63.37250
45.43768 63.27307
00:47:11.21 38:03:56.51
00:46:23.32 38:00:43.82
00:47:10.09 38:03:52.01
00:46:39.51 38:01:49.00
151.841234603744
144.652841109128
269.963338669124
270.140795391882
97.3130989987003
84.927152955679
97.0237451200564
89.1109738222658
13.8250200832968
8.83147009180478
0.2500
55.300080333187
50.0998094246222
69.6172417939193 ANT1
23.4308683657069 SPE
90.7025724772175 DSX
49.89 0.556103262540131 
48.62 0.000111425696054823
45.38 0.0370210000000029
63.76 0.0187635000000057
96.85 0.0279098293272853
1.33 0.000969891007856827
1.75 0.00311257623883088
0.49 0.000824884036173534
0.90 0.000430729222000381
23.48 0.00632437959523457
228.17 0.0930044679916762
169.128657
55.83 0.53004165699314 
54.16 0.541232702964614
45.34 0.0325544999999963
63.70 0.0238854999999987
101.73 0.462603705037139
1.70 0.0399396556061338
5.87 1.36640670815308
0.83 0.0384605052696331
0.93 0.002555842015453
11.26 4.95598695034184
214.40 1.00528656985134
169.615009
