2025-09-06T03:32:21.0474
9
79
25.7489386359905
340.82752 0.49236
340.49890 0.35732
-04:45:48.97 37:11:22.12
-04:40:30.84 37:13:15.28
-04:55:55.55 37:07:45.44
-04:13:32.05 37:22:45.97
165.281844574899
168.299549478995
176.707447071072
227.831650254974
63.5634218117175
58.7514382002646
72.8019824549046
34.6166832148347
9.91409431307324
78.9755228919732
0.5500
18.0256275865493
17.3419298022715
56.5062203882398 ANT1
69.7695832553398 SPE
18.86 0.217797450674624 
15.18 5.74209471988496e-05
334.73 0.0178245000000175
-4.51 0.00302500000000006
2.66 0.00341108037274562
1.16 0.000339596844958656
1.73 0.000923371305642906
0.57 0.000140341983815961
0.73 0.000150160355402162
23.54 0.00186210246322815
255.09 0.0310255964247688
163.329603
18.24 0.217797450674624 
14.13 0.277776566169155
334.08 0.204887999999983
-5.12 0.1745505
2.32 0.0881908827420239
1.17 0.00097366544161126
1.66 0.0231137472476044
0.54 0.00940240597484188
0.76 0.00517884151012959
23.68 0.0450286053186097
252.92 0.406869875986047
163.814481
