1829.002563 233 2.105273 0.199964
1828.553223 234 2.103579 0.200735
1828.485229 235 2.102133 0.201034
1828.318970 236 2.100626 0.201452
1828.039551 237 2.099047 0.202007
1827.916992 238 2.097571 0.202366
1827.803101 239 2.096101 0.202712
1827.650391 240 2.094609 0.203104
1827.484985 241 2.093109 0.203509
1827.268677 242 2.091579 0.203974
1827.249878 243 2.090176 0.204195
1827.044678 244 2.088656 0.204642
1826.897705 245 2.087174 0.205015
1826.779663 246 2.085713 0.205350
1826.658813 247 2.084250 0.205687
1826.544556 248 2.082794 0.206013
1826.301880 249 2.081257 0.206494
1826.126831 250 2.079765 0.206890
1825.800903 251 2.078179 0.207467
1825.582397 252 2.076662 0.207912
1825.220581 253 2.075056 0.208528
1824.859375 254 2.073452 0.209141
1824.660645 255 2.071952 0.209554
1824.540161 256 2.070503 0.209869
1824.781006 257 2.069284 0.209745
1825.225586 258 2.068194 0.209371
1825.425537 259 2.066952 0.209293
1825.890625 260 2.065878 0.208891
1825.517212 261 2.064275 0.209503
1825.215576 262 2.062719 0.210027
1824.903687 263 2.061158 0.210560
1824.503784 264 2.059543 0.211198
1824.013550 265 2.057873 0.211942
1823.538940 266 2.056215 0.212664
1823.218506 267 2.054655 0.213198
1822.997925 268 2.053159 0.213609
1822.882324 269 2.051730 0.213892
1822.800781 270 2.050324 0.214131
1822.720947 271 2.048920 0.214366
1822.647705 272 2.047521 0.214591
1822.457886 273 2.046051 0.214955
1822.289429 274 2.044595 0.215291
1822.067627 275 2.043108 0.215688
1821.878418 276 2.041642 0.216045
1821.736816 277 2.040207 0.216342
1821.566040 278 2.038755 0.216672
1821.360229 279 2.037282 0.217042
1821.128784 280 2.035795 0.217441
1820.958374 281 2.034346 0.217765
1820.796021 282 2.032905 0.218076
1820.625977 283 2.031459 0.218395
1820.429688 284 2.029999 0.218744
1820.245850 285 2.028547 0.219075
1820.020264 286 2.027071 0.219454
1819.809448 287 2.025605 0.219814
1819.625000 288 2.024157 0.220140
1819.420044 289 2.022697 0.220488
1819.226807 290 2.021245 0.220820
1819.057007 291 2.019810 0.221123
1818.870483 292 2.018365 0.221443
1818.673584 293 2.016915 0.221774
1818.507202 294 2.015485 0.222066
1818.306396 295 2.014035 0.222398
1818.102905 296 2.012584 0.222730
1817.916748 297 2.011145 0.223040
1817.678589 298 2.009675 0.223410
1817.515259 299 2.008253 0.223689
1817.320190 300 2.006812 0.224004
1817.262695 301 2.005457 0.224153
1816.812622 302 2.003861 0.224766
1816.686523 303 2.002466 0.224994
1816.675659 304 2.001143 0.225082
1816.855469 305 1.999939 0.224943
1817.148438 306 1.998806 0.224669
1817.415649 307 1.997658 0.224424
1817.530273 308 1.996417 0.224357
1816.711914 309 1.994601 0.225392
1815.899536 310 1.992791 0.226417
1815.584229 311 1.991288 0.226853
1815.443359 312 1.989893 0.227081
1815.249878 313 1.988468 0.227369
1814.996948 314 1.987006 0.227725
1814.567383 315 1.985438 0.228287
1814.142456 316 1.983873 0.228842
1813.712280 317 1.982307 0.229401
1813.421021 318 1.980826 0.229794
1813.160645 319 1.979366 0.230149
1812.981567 320 1.977957 0.230406
1812.802612 321 1.976549 0.230662
1812.586914 322 1.975119 0.230958
1812.407227 323 1.973712 0.231211
1812.223389 324 1.972304 0.231467
1811.999878 325 1.970873 0.231767
1811.802612 326 1.969459 0.232035
1811.610352 327 1.968048 0.232295
1811.407104 328 1.966632 0.232566
1811.223022 329 1.965229 0.232812
1810.979614 330 1.963791 0.233127
1810.758911 331 1.962367 0.233413
1810.485107 332 1.960912 0.233759
1810.208008 333 1.959456 0.234107
1809.925781 334 1.957998 0.234460
1809.705933 335 1.956579 0.234737
1809.459106 336 1.955144 0.235045
1809.225586 337 1.953719 0.235335
1809.002686 338 1.952301 0.235610
1808.773438 339 1.950880 0.235892
1808.530884 340 1.949452 0.236187
1808.296143 341 1.948029 0.236471
1808.043945 342 1.946597 0.236773
1807.799072 343 1.945171 0.237066
1807.610962 344 1.943780 0.237290
1807.387207 345 1.942368 0.237555
1807.108154 346 1.940923 0.237881
1806.855713 347 1.939496 0.238175
1806.613159 348 1.938075 0.238456
1806.386963 349 1.936666 0.238716
1806.076294 350 1.935206 0.239072
1805.818237 351 1.933778 0.239365
1805.526611 352 1.932332 0.239696
1805.220337 353 1.930877 0.240041
1804.914185 354 1.929424 0.240385
1804.658569 355 1.928002 0.240668
1804.376465 356 1.926565 0.240981
1804.164551 357 1.925171 0.241210
1803.918823 358 1.923758 0.241477
1803.691772 359 1.922357 0.241720
1803.421631 360 1.920931 0.242012
1803.150391 361 1.919504 0.242302
1802.869751 362 1.918074 0.242603
1802.598389 363 1.916649 0.242890
1802.350830 364 1.915240 0.243149
1802.287842 365 1.913944 0.243192
1802.356689 366 1.912729 0.243083
1802.515259 367 1.911569 0.242868
1802.638672 368 1.910389 0.242693
1802.723633 369 1.909187 0.242561
1802.917236 370 1.908052 0.242301
1803.219604 371 1.906984 0.241916
1801.142578 372 1.904468 0.244267
1797.591187 373 1.901065 0.248305
1801.268311 374 1.902044 0.244038
1798.941040 375 1.899381 0.246667
1798.823364 376 1.898061 0.246756
1798.824707 377 1.896814 0.246707
1798.664429 378 1.895470 0.246841
1798.463623 379 1.894102 0.247021
1798.152954 380 1.892669 0.247324
1797.724121 381 1.891164 0.247762
1797.282959 382 1.889653 0.248212
1797.079224 383 1.888286 0.248388
1796.793213 384 1.886871 0.248656
1796.560303 385 1.885488 0.248863
1796.273315 386 1.884074 0.249129
1795.986816 387 1.882660 0.249393
1795.741333 388 1.881273 0.249609
1795.455200 389 1.879861 0.249870
1795.203735 390 1.878471 0.250089
1794.944092 391 1.877077 0.250316
1794.684448 392 1.875684 0.250541
1794.419434 393 1.874288 0.250771
1793.994995 394 1.872797 0.251181
1793.810791 395 1.871452 0.251316
1793.492920 396 1.870026 0.251601
1793.138184 397 1.868579 0.251926
1792.750732 398 1.867113 0.252288
1792.470703 399 1.865713 0.252525
1792.241943 400 1.864345 0.252702
1791.871460 401 1.862892 0.253039
1791.550903 402 1.861469 0.253317
1791.225830 403 1.860045 0.253599
1790.889526 404 1.858614 0.253892
1790.613159 405 1.857221 0.254116
1790.303711 406 1.855808 0.254375
1789.968506 407 1.854380 0.254662
1789.625488 408 1.852949 0.254956
1789.355713 409 1.851562 0.255165
1789.080322 410 1.850173 0.255380
1788.806519 411 1.848786 0.255591
1788.476196 412 1.847365 0.255864
1788.141968 413 1.845942 0.256140
1787.810669 414 1.844522 0.256411
1787.409668 415 1.843060 0.256760
1787.171631 416 1.841698 0.256922
1786.960815 417 1.840353 0.257053
1786.567383 418 1.838898 0.257388
1786.230469 419 1.837478 0.257657
1785.918701 420 1.836074 0.257897
1785.633179 421 1.834686 0.258105
1785.173340 422 1.833194 0.258509
1784.933838 423 1.831835 0.258662
1784.582642 424 1.830410 0.258940
1784.174805 425 1.828951 0.259280
1783.933228 426 1.827594 0.259431
1783.581177 427 1.826170 0.259705
1783.244385 428 1.824756 0.259961
1782.944214 429 1.823365 0.260173
1782.600586 430 1.821948 0.260433
1782.183960 431 1.820488 0.260774
1781.937500 432 1.819132 0.260921
1781.714111 433 1.817790 0.261041
1781.292236 434 1.816329 0.261383
1780.937256 435 1.814908 0.261648
1780.671387 436 1.813543 0.261811
1780.296997 437 1.812112 0.262095
1779.928955 438 1.810686 0.262370
1779.730347 439 1.809363 0.262453
1779.332520 440 1.807920 0.262758
1778.993530 441 1.806513 0.262996
1779.685913 442 1.805736 0.262077
