2460923.336475875229
Valpuesta 74
0.1158, 0.1658, 0.2158, 0.2658, 0.3158, 0.3658, 0.4158, 0.4658, 0.5158, 0.5658, 0.6158, 0.6658
44.91794, 45.06432, 45.21202, 45.36617, 45.52315, 45.65549, 45.78379, 45.91488, 46.05391, 46.19652, 46.29337, 46.44281
55.57844, 55.39792, 55.21390, 55.01983, 54.82004, 54.64989, 54.48344, 54.31182, 54.12805, 53.93769, 53.80730, 53.60438
-3.125694418
42.866438877
639
Zaragoza 93
0.0000, 0.0500, 0.1000, 0.1500, 0.2000, 0.2500, 0.3000
124.31739, 124.07006, 123.91092, 123.74376, 123.50614, 123.37701, 123.20117
59.61399, 59.48461, 59.40058, 59.31166, 59.18407, 59.11416, 59.01828
-0.927380555
41.641700000
271
