2025-09-23T04:21:53.9870
66
63
111.600230405871
354.97279 29.71836
354.65033 29.57568
03:19:02.33 39:51:01.68
03:38:58.07 39:46:28.07
03:21:08.07 39:50:33.09
03:40:34.69 39:46:05.79
234.068561698331
252.763654634812
329.263075853728
353.722849501623
66.1135230996688
49.9505227440713
64.4051619751544
48.6525861973096
34.0255708586642
33.1881961904546
1.4500
23.4659101653258
23.8155820275994
141.014714106246 DSX
33.7299325358843 STA
24.03 0.0731830336915155 
21.27 1.53696127505043e-05
350.74 0.00575750000001563
27.02 0.00337749999999915
19.41 0.00197777158743051
1.04 0.000139493054762241
1.85 0.000513538352213683
0.66 6.18485888320697e-05
0.63 6.34153655322267e-05
23.35 0.00105932541736209
266.48 0.0117685581067235
179.919640
23.54 0.0731830336915155 
20.63 0.0832537070995052
350.52 0.0349899999999934
26.89 0.0209764999999997
18.68 0.0831138366711457
1.05 0.000179564938846744
1.80 0.0100178221333826
0.64 0.00249286956881278
0.64 0.00104737561540957
23.43 0.0204104062872652
265.45 0.0329193307624678
180.408911
