126 619.027710 2.642474 0.148445
125 618.814514 2.643856 0.146241
124 618.548279 2.645154 0.143986
123 618.421631 2.646685 0.141861
122 618.185730 2.648040 0.139633
121 617.821472 2.649188 0.137284
120 617.622375 2.650610 0.135089
119 617.583252 2.652297 0.133041
118 617.402527 2.653755 0.130860
117 616.747559 2.654447 0.128237
116 616.452820 2.655728 0.125948
115 616.109131 2.656935 0.123613
114 615.795166 2.658194 0.121304
113 615.847717 2.660049 0.119333
112 615.265320 2.660884 0.116773
111 614.835876 2.661970 0.114354
110 614.549866 2.663292 0.112066
109 614.326538 2.664719 0.109835
108 614.457031 2.666717 0.107927
107 613.830872 2.667508 0.105322
106 613.758057 2.669188 0.103223
105 613.180176 2.670068 0.100660
104 612.461609 2.670730 0.097965
103 612.357727 2.672375 0.095834
102 612.320374 2.674130 0.093761
101 612.623657 2.676428 0.091997
