2025-09-06T01:24:53.7554
61
63
158.732535620124
71.13026 23.06031
70.74364 23.01407
-00:05:53.46 39:57:01.15
-00:12:09.41 39:56:44.01
-00:07:14.42 39:56:57.48
-00:13:10.23 39:56:41.20
131.105195972246
120.559587184579
100.464671820583
93.1987207291939
95.8012355337742
89.7758826486915
94.501703022891
88.8033593124173
10.8907271892136
10.3037701456735
0.1500
72.6048017672011
74.3428485248891
140.689205320241 ANT1
28.2423348802558 SPE
74.95 2.38612967338908 
74.11 3.0935207149696e-05
71.31 0.0101724999999959
22.97 0.00674949999999797
178.94 0.013117510111698
2.28 8.6048574980957e-06
-3.90 0.000401837398036786
1.26 2.4169603161095e-05
1.01 1.04086375845025e-05
25.68 5.1786092306827e-05
182.20 0.0277116492289338
163.243436
74.99 2.38612967338908 
71.74 2.41500336379542
71.33 0.023642499999994
22.96 0.0136385000000026
178.94 0.0112159414508426
2.05 0.233369056358155
0.61 4.43402427709476
1.03 0.231399290315407
1.01 0.000218224331730799
20.03 5.65537391719544
184.19 0.580561597942108
163.728293
