572 582.896057 0.489590 0.876859
573 582.687683 0.485584 0.877537
574 582.511902 0.481632 0.878283
575 582.450623 0.477885 0.879287
576 582.420471 0.474187 0.880357
577 582.309448 0.470331 0.881234
578 582.280029 0.466616 0.882294
579 582.199829 0.462800 0.883230
580 582.103333 0.458946 0.884122
581 582.046692 0.455155 0.885101
582 582.000000 0.451374 0.886097
583 581.921997 0.447528 0.887013
584 581.848999 0.443682 0.887935
585 581.756531 0.439794 0.888804
586 581.725159 0.436006 0.889811
587 581.565369 0.431982 0.890510
588 581.498596 0.428114 0.891421
589 581.495056 0.424349 0.892475
590 581.432434 0.420472 0.893383
591 581.353210 0.416557 0.894245
592 581.367004 0.412795 0.895322
593 581.336731 0.408947 0.896288
594 581.227905 0.404957 0.897060
595 581.094421 0.400917 0.897767
596 581.000000 0.396937 0.898560
597 580.942200 0.393010 0.899434
598 580.889099 0.389083 0.900313
599 580.834045 0.385144 0.901181
600 580.762695 0.381171 0.902003
601 580.540405 0.376941 0.902454
