2460924.647463962901
SanFrancisco 9
0.1610, 0.2110, 0.2610, 0.3110, 0.3610, 0.4110, 0.4610, 0.5110, 0.5610, 0.6110, 0.6610, 0.7110
86.99647, 87.26870, 87.60923, 87.90288, 88.21036, 88.49689, 88.82299, 89.10619, 89.42171, 89.71486, 90.01753, 90.26735
-7.55542, -7.54744, -7.53722, -7.52820, -7.51854, -7.50935, -7.49866, -7.48918, -7.47841, -7.46820, -7.45745, -7.44842
-6.255319468
37.868993476
390
ZWO-B1 30
0.0000, 0.0500, 0.1000, 0.1500, 0.2000, 0.2500, 0.3000, 0.3500, 0.4000, 0.4500, 0.5000, 0.5500, 0.6000, 0.6500, 0.7000, 0.7500, 0.8000, 0.8500, 0.9000, 0.9500, 1.0000, 1.0500, 1.1000, 1.1500, 1.2000, 1.2500, 1.3000, 1.3500, 1.4000, 1.4500
107.34997, 107.66317, 107.86206, 108.08474, 108.28967, 108.53390, 108.71535, 108.94925, 109.17460, 109.41580, 109.65927, 109.90007, 110.06000, 110.27539, 110.46865, 110.69523, 110.91436, 111.14270, 111.32038, 111.51956, 111.73070, 111.94810, 112.15188, 112.28510, 112.50413, 112.73245, 112.90341, 113.09746, 113.25919, 113.44755
14.10572, 14.04644, 14.00857, 13.96595, 13.92655, 13.87935, 13.84411, 13.79847, 13.75427, 13.70672, 13.65846, 13.61048, 13.57848, 13.53520, 13.49620, 13.45027, 13.40564, 13.35892, 13.32241, 13.28132, 13.23757, 13.19234, 13.14975, 13.12182, 13.07573, 13.02747, 12.99119, 12.94987, 12.91530, 12.87491
-6.734030352
37.104072613
50
