2025-09-23T04:21:54.0963
63
97
1.68127777770833
351.07173 25.38234
350.75266 25.24085
03:23:02.39 39:50:25.17
03:44:54.14 39:46:00.85
02:52:30.05 39:56:26.59
03:12:17.09 39:52:33.48
331.797669808002
360.074393205785
89.8605132925777
82.6986069609566
63.7641946180856
49.928499470082
83.4186887892565
70.6422100978598
35.3635294234768
32.1055790890872
1.4500
26.1551855038688
32.872776542263
146.525975744286 DSX
34.0459222892672 STA
21.57 0.445572146200375 
18.44 3.08582157941828e-05
345.66 0.00703149999998232
21.59 0.0119010000000017
14.39 0.00607170182979466
1.15 0.000209804961049276
1.92 0.000896673977753615
0.63 0.000134182324253884
0.71 7.05204432965845e-05
23.18 0.00188958767200731
256.53 0.0165349531966967
179.919640
26.60 0.445572146200375 
23.64 0.492960668492131
347.49 0.134211999999991
22.83 0.0966320000000032
18.64 0.409489247497941
1.18 0.00241331558699276
3.46 0.286240293041975
0.81 0.016995464916168
0.65 0.0048615059028666
19.38 0.799980957893172
257.68 0.106255072637225
180.408911
