1890.50281394475 4531.53047786053 4057.61919144973 -0.870072402911413 0.471064059505173 0.145164270860521
1890.48629170924 4531.53737071332 4057.61919144973 -0.870577519285959 0.470645419379816 0.143484048349295
1890.46976944859 4531.54426350587 4057.61919144973 -0.87127852724141 0.469885584537511 0.141708381586556
1890.45324716281 4531.55115623818 4057.61919144973 -0.872153137658769 0.46896892894239 0.139345068655452
1890.4367248519 4531.55804891024 4057.61919144973 -0.873030506112139 0.467961773347868 0.13722067658593
1890.42020251585 4531.56494152206 4057.61919144973 -0.873781891999226 0.467152659235579 0.13517987344046
1890.40368015468 4531.57183407365 4057.61919144973 -0.874669100129675 0.466000837913844 0.133406088099233
1890.38715776838 4531.57872656499 4057.61919144973 -0.875397037617403 0.465099241574033 0.13176768199348
1890.37063536148 4531.58561899419 4057.61919144973 -0.876299935393707 0.46411695398231 0.129204784180645
1890.35411292491 4531.59251136505 4057.61919144973 -0.87656108370515 0.463971325883609 0.127950284452434
1890.33759046322 4531.59940367567 4057.61919144973 -0.877051747926693 0.463455485912349 0.12644858257996
1890.32106797639 4531.60629592604 4057.61919144973 -0.878099285273175 0.462130297880562 0.124004971608244
1890.30454546444 4531.61318811617 4057.61919144973 -0.878907141157247 0.46124761012205 0.121543734431244
1890.28802292736 4531.62008024606 4057.61919144973 -0.879446717987818 0.4606394330088 0.119936578981502
1890.27150036515 4531.62697231571 4057.61919144973 -0.880118704897294 0.459758382304697 0.118377764763823
1890.23845516534 4531.64075627428 4057.61919144973 -0.881499329194292 0.458153868725711 0.114253950486087
1890.22193252774 4531.6476481632 4057.61919144973 -0.882041828891801 0.457492940129186 0.112705021259749
1890.20540986502 4531.65453999187 4057.61919144973 -0.882778909453452 0.456522809129459 0.110852703028488
1890.18888717717 4531.66143176031 4057.61919144973 -0.883276565301047 0.455869280843762 0.109570561616601
1890.17236446419 4531.6683234685 4057.61919144973 -0.883883981406819 0.455078563495374 0.107947248503224
1890.15584172608 4531.67521511645 4057.61919144973 -0.883336091222725 0.456071166979473 0.108242508255027
1890.13931896738 4531.68210670227 4057.61919144973 -0.884995144395004 0.453762426558125 0.104322838541463
1890.12279617901 4531.68899822973 4057.61919144973 -0.884368289011137 0.454782078189541 0.105195012947937
1890.08975052691 4531.70278110393 4057.61919144973 -0.886001602076858 0.452813659935537 0.0998045614840592
1890.07322766317 4531.70967245066 4057.61919144973 -0.888020388464085 0.449616722527927 0.0962527531831753
1890.0567047743 4531.71656373715 4057.61919144973 -0.888273564606959 0.449268486197933 0.095540053013724
1890.04018186031 4531.7234549634 4057.61919144973 -0.888952041102528 0.448358688202369 0.093481310073728
1890.02365892119 4531.7303461294 4057.61919144973 -0.889597525610789 0.447398364984309 0.0919290239071891
