2025-09-06T01:19:53.6779
9
79
21.0536565187002
338.96595 22.62958
338.65832 22.49614
-05:22:26.38 38:03:34.30
-05:20:01.17 38:04:52.31
-05:24:15.97 38:02:35.36
-05:20:09.82 38:04:47.66
109.424798526242
106.174616327315
177.74763272234
177.235718131421
73.9731230952702
64.0851617944045
81.4618905255611
64.6734237455375
10.7928333014714
18.3226263859338
0.5000
21.5856666029428
22.2893775219946
57.9676559958276 ANT1
57.2330708213056 SPE
24.12 0.432373079558269 
21.37 0.000112055457851312
336.83 0.0279150000000641
21.45 0.010054499999999
20.05 0.00590562386965843
1.03 0.000679031952617981
1.79 0.00221930806444126
0.65 0.000256139163582136
0.62 0.000332470643783389
23.42 0.00451072978606959
268.09 0.0584984158313091
163.240595
22.02 0.432373079558269 
18.46 0.505616261234383
336.50 0.0973200000000247
21.14 0.0740054999999984
17.16 0.492858293167195
1.03 0.00139333857214519
1.51 0.0406961410510898
0.57 0.0153312691420446
0.66 0.00570306746963667
23.96 0.0768349944274007
268.00 0.0857317289900834
163.725451
