1236.024170 66 1.678453 0.788968
1235.763184 67 1.676657 0.789803
1235.746460 68 1.674776 0.790404
1235.563965 69 1.672951 0.791160
1235.420654 70 1.671112 0.791877
1235.142334 71 1.669317 0.792719
1234.992676 72 1.667477 0.793437
1234.777222 73 1.665659 0.794215
1234.597412 74 1.663827 0.794956
1234.662476 75 1.661913 0.795462
1234.320679 76 1.660133 0.796353
1233.159668 77 1.658626 0.798025
1233.172241 78 1.656725 0.798574
1232.684204 79 1.654989 0.799599
1232.049438 80 1.653301 0.800762
1231.884155 81 1.651456 0.801474
1231.427490 82 1.649705 0.802462
1231.279419 83 1.647851 0.803153
1231.063354 84 1.646019 0.803907
1230.597290 85 1.644267 0.804898
1230.245605 86 1.642476 0.805777
1229.834839 87 1.640704 0.806711
1229.618652 88 1.638866 0.807456
1229.276245 89 1.637067 0.808320
1228.980591 90 1.635253 0.809137
1228.766846 91 1.633410 0.809872
1228.633301 92 1.631540 0.810529
1228.429932 93 1.629691 0.811250
1228.172119 94 1.627859 0.812021
1227.939087 95 1.626017 0.812766
1227.733398 96 1.624166 0.813483
1227.493042 97 1.622324 0.814231
1227.360474 98 1.620446 0.814872
1226.839233 99 1.618691 0.815887
1226.113037 100 1.616999 0.817097
1225.817993 101 1.615168 0.817889
1225.448853 102 1.613359 0.818751
1225.183228 103 1.611516 0.819510
1224.959106 104 1.609659 0.820227
1224.720703 105 1.607805 0.820955
1224.517822 106 1.605939 0.821647
1224.353027 107 1.604059 0.822299
1224.141724 108 1.602193 0.822995
1223.980225 109 1.600309 0.823639
1223.881836 110 1.598406 0.824220
1223.755005 111 1.596510 0.824827
1223.516968 112 1.594647 0.825539
1223.161499 113 1.592817 0.826363
1222.495483 114 1.591081 0.827488
1222.106445 115 1.589258 0.828341
1221.640015 116 1.587457 0.829267
1221.264404 117 1.585627 0.830103
1221.186646 118 1.583706 0.830646
1220.690552 119 1.581909 0.831595
1220.285034 120 1.580083 0.832454
1220.253052 121 1.578145 0.832945
1219.750854 122 1.576344 0.833894
1219.498047 123 1.574468 0.834597
1219.132690 124 1.572624 0.835408
1218.948486 125 1.570725 0.836040
1218.865112 126 1.568795 0.836570
1218.642456 127 1.566905 0.837235
1218.399658 128 1.565019 0.837917
1218.131348 129 1.563139 0.838623
1217.479004 130 1.561367 0.839703
1217.586060 131 1.559376 0.840035
1216.867554 132 1.557619 0.841176
1216.652588 133 1.555717 0.841820
1217.078247 134 1.553635 0.841832
1216.176514 135 1.551922 0.843147
1216.704224 136 1.549810 0.843053
