2025-09-05T21:20:37.3594
26
69
73.3780454552107
293.52163 62.46460
293.44406 62.40755
02:19:01.86 41:57:23.41
02:19:34.50 41:56:05.32
02:19:01.98 41:57:23.11
02:19:43.58 41:55:43.59
155.844285913796
153.33000038175
97.0693891197927
88.5812837602583
82.768738688299
76.5523905840155
82.744405802001
74.8243231715687
6.72137230395615
8.563717298971
0.2500
26.8854892158246
23.823082401628
78.1639822455408 ANT1
77.6231399369183 AUR
63.197703752798 SPE
23.90 0.797240066664857 
21.12 0.000222230290088277
290.32 0.0918990000000122
63.49 0.0350870000000043
35.57 0.0158199498699361
1.47 0.00130313901315704
1.92 0.0046293819388934
0.48 0.00119913110795439
0.99 0.000151691667917064
23.05 0.00978030602047042
198.29 0.0850144920670743
163.079634
27.68 0.797240066664857 
24.44 0.876858970028973
290.71 0.175222000000019
63.22 0.0821690000000004
39.56 1.02504279648817
1.64 0.0478279664929231
2.95 0.417212737052158
0.66 0.0484230061392882
0.99 0.000205437563729371
20.60 1.07579244336083
196.72 0.352682677452179
163.564450
