2025-09-05T04:15:03.5138
44
66
23.5845523758357
122.12273 29.10468
121.72634 29.18069
03:16:18.38 42:00:34.67
02:51:20.02 41:56:43.09
03:11:34.00 41:59:51.17
02:54:33.95 41:57:13.39
130.422614312617
93.7074643657691
157.2316449919
129.134876538501
95.8013366678315
72.9687628209622
91.4438322530941
75.9064530378919
42.3810656406905
28.8475240699559
0.8000
52.9763194203244
54.7042144608628
122.04125533233 ANT1
23.3509330100812 AUR
63.6308470107099 SPE
55.31 0.531408437042181 
54.16 1.91488106793258e-05
122.60 0.00354350000002057
28.92 0.00595549999999889
132.98 0.0196989481636365
0.14 0.000132336326829074
4.95 0.00385075099716037
0.99 2.48820322381604e-05
0.07 6.75471941881112e-05
25.59 9.75759658317088e-06
29.35 0.012992678008839
162.388600
53.51 0.531408437042181 
51.78 0.543672307508679
122.66 0.0145880000000034
28.89 0.0105004999999991
128.69 1.43269002791905
0.11 0.00706162111818676
2.56 0.244468956038001
0.98 0.000801948320635626
0.06 0.00354900485253005
25.59 0.000229796855986564
24.81 1.07497652679657
162.873246
