426.872009 206 2.185152 0.754715
426.407471 205 2.188154 0.753067
427.191895 204 2.187548 0.750421
428.244873 203 2.186183 0.747558
429.847137 202 2.183267 0.744246
430.100311 201 2.184212 0.742025
430.403503 200 2.185015 0.739764
431.259888 199 2.184257 0.737052
431.905609 198 2.184102 0.734511
434.343994 197 2.178934 0.730492
436.085449 196 2.175761 0.727030
436.520050 195 2.176238 0.724659
436.961517 194 2.176699 0.722283
437.391754 193 2.177193 0.719915
437.573334 192 2.178374 0.717756
438.100128 191 2.178607 0.715307
437.861481 190 2.180937 0.713500
