2025-09-23T04:21:51.7869
97
44
104.409910969642
354.70017 30.09844
354.37822 29.95582
02:52:48.78 39:57:15.88
03:12:07.09 39:52:47.51
03:05:48.15 39:54:15.72
03:48:09.39 39:44:16.35
94.4372844779429
83.6976969109926
206.263723494874
235.334089537848
87.7068602362524
71.7647148842361
76.9608091048931
42.4715219910968
33.1734989210705
72.5278062421056
1.4500
22.8782743656203
22.8965506867657
140.914020395917 DSX
34.1562447338192 STA
23.36 0.0866312534388995 
20.51 2.62076030601577e-05
350.21 0.00654799999995248
27.25 0.00656299999999987
18.90 0.00376856388224667
1.05 0.000161554594925395
1.76 0.000594009618745117
0.64 8.56796731485421e-05
0.64 7.17030769517013e-05
23.52 0.00119940914073524
265.90 0.0139834904415466
179.919640
22.96 0.0866312534388995 
19.96 0.0993156091763687
350.01 0.0442414999999983
27.13 0.0292449999999995
18.26 0.101571501581407
1.06 0.000225242183892194
1.73 0.0106070868832122
0.62 0.00297260359569584
0.65 0.00128442073153745
23.58 0.021222269505202
264.87 0.0441150951980944
180.408911
