2025-09-10T02:07:36.0961
55
66
17.4437658206708
48.11185 40.03914
47.69321 39.94364
02:12:15.75 42:47:03.71
02:07:52.57 42:47:02.03
02:12:42.59 42:47:03.87
02:07:11.95 42:47:01.76
172.668670476133
163.623699939589
177.108822466763
163.890813303847
96.1989126126027
78.2151143720112
98.0390858548062
75.4488249876667
18.9792874673272
23.8409360447618
0.3000
63.2643016133473
64.8195509966571
58.1851223230613 ANT1
0.241774589034586 SPE
87.9354942952478 DSX
64.45 1.29911477919291 
63.47 6.58270354705337e-05
47.92 0.0160279999999986
40.08 0.0101040000000054
138.03 0.0259970034364301
1.37 0.000403202396160207
7.92 0.0360834959604635
0.91 0.000418154787330538
0.72 0.000306445174479419
3.50 0.152349427329605
246.53 0.0344261751500028
167.155095
64.65 1.38875354660859 
62.27 1.41100547478734
47.93 0.00846349999999774
40.08 0.00843649999999485
137.17 0.799913623253275
1.28 0.0958836882912399
6.70 3.67639105132608
0.86 0.0756736413506653
0.69 0.0237059886597686
6.46 14.0919127766574
251.91 5.07201204387792
167.640937
