261 485.977875 2.571883 1.351171
260 486.354370 2.583003 1.350172
259 486.629303 2.593424 1.348982
258 487.190521 2.605442 1.348219
257 487.516388 2.615962 1.347056
256 488.023071 2.627470 1.346145
255 488.441864 2.638350 1.345070
254 488.973175 2.649821 1.344136
253 489.449768 2.660860 1.343088
252 489.767700 2.670809 1.341778
251 490.404877 2.682649 1.340910
250 490.740112 2.692492 1.339572
249 491.291382 2.703594 1.338519
248 491.600342 2.713051 1.337095
247 492.261353 2.724648 1.336137
246 492.538483 2.733681 1.334621
245 493.150116 2.744755 1.333537
244 493.416107 2.753492 1.331960
243 493.991211 2.764118 1.330772
242 494.490967 2.774150 1.329457
241 495.000000 2.784135 1.328128
240 495.470886 2.793763 1.326725
239 495.905792 2.803047 1.325253
238 496.301056 2.811962 1.323709
237 496.807465 2.821495 1.322279
236 497.351868 2.831169 1.320870
235 497.939880 2.841022 1.319488
234 498.426819 2.850104 1.317961
233 498.858826 2.858716 1.316349
232 499.207031 2.866673 1.314621
231 499.884491 2.876681 1.313243
230 500.158173 2.883936 1.311394
229 500.801605 2.893506 1.309931
228 501.267853 2.901811 1.308252
227 501.988739 2.911674 1.306821
226 502.073364 2.917281 1.304705
225 502.769592 2.926771 1.303204
224 503.014313 2.933224 1.301224
223 503.602875 2.941807 1.299572
222 504.150085 2.950019 1.297858
221 504.605591 2.957538 1.296035
220 504.977509 2.964423 1.294117
219 505.370758 2.971350 1.292203
218 505.803558 2.978436 1.290310
