2025-09-05T04:15:03.3407
69
66
23.2919139604358
121.93308 28.10282
121.53930 28.17844
03:16:14.29 41:59:51.58
02:51:26.82 41:56:23.63
03:08:33.36 41:58:47.75
02:53:05.89 41:56:37.65
129.115012612275
93.1928488464283
151.411731885429
126.197922007156
94.8806647907186
72.6586629819403
87.9617675844011
74.1291974268461
41.723748335147
25.9993926406282
0.8000
52.1546729842908
51.4141662078521
122.206505857654 ANT1
23.7542885308198 AUR
64.0423489369524 SPE
50.38 0.49827936945516 
49.12 4.58942667407314e-05
122.54 0.00980449999998712
27.83 0.0117474999999985
122.44 0.0649066670328438
0.07 0.000178613349594001
1.80 0.00127844812481293
0.98 6.39719786116322e-05
0.03 9.12568760011445e-05
25.59 1.88637793065993e-05
18.00 0.0219774223514086
162.388600
52.65 0.49827936945516 
50.94 0.510156897222572
122.49 0.0206129999999973
27.86 0.0165369999999996
130.19 1.55241480691166
0.09 0.0059771488102183
2.21 0.167616259445117
0.98 0.000270884025856843
0.05 0.00301591521188401
25.59 0.000245160910278486
21.47 0.970560339768785
162.873246
