3025.48817395412 3702.15847767288 4207.44266163296 -0.228898395706124 0.564011465158825 0.793408212468561
3025.47467564947 3702.16950875363 4207.44266163296 -0.223704029010243 0.559052061683735 0.798384180537008
3025.46117730461 3702.18053978517 4207.44266163296 -0.218212705834821 0.554062901906548 0.803366364582897
3025.44767892323 3702.19157076447 4207.44266163296 -0.212706995528367 0.548777308842686 0.808454822085115
3025.43418049792 3702.20260169757 4207.44266163296 -0.206692765196192 0.542918187500303 0.813952051718612
3025.4206820324 3702.21363258146 4207.44266163296 -0.201062560588668 0.536705474928963 0.819463897869091
3025.40718352666 3702.22466341613 4207.44266163296 -0.194702514004269 0.530590046055046 0.824963716818941
3025.3936849807 3702.23569420159 4207.44266163296 -0.188289484978719 0.523953250376668 0.830674461667249
3025.38018639452 3702.24672493783 4207.44266163296 -0.181031056725533 0.517138953125197 0.836537542290489
3025.36668776812 3702.25775562485 4207.44266163296 -0.173533970159463 0.510161064214605 0.842390437837536
3025.3531891015 3702.26878626266 4207.44266163296 -0.165700251920418 0.502408770804302 0.848604061699224
3025.33969039466 3702.27981685125 4207.44266163296 -0.157277546206901 0.494374618120919 0.854902047264441
3025.32619164761 3702.29084739062 4207.44266163296 -0.148396292738576 0.485678209420841 0.861449486154129
3025.31269286034 3702.30187788078 4207.44266163296 -0.139486967002152 0.477307643578075 0.86759483597961
3025.29919403285 3702.31290832171 4207.44266163296 -0.13005900340375 0.467891572699283 0.874163675652686
3025.28569516514 3702.32393871343 4207.44266163296 -0.120596462859987 0.458893071845279 0.880269073498589
3025.27219625722 3702.33496905594 4207.44266163296 -0.108521538334169 0.446026889662724 0.888416056482199
