2025-09-06T03:17:51.6566
66
44
106.959614047477
30.90558 4.00529
30.57142 3.88262
01:59:32.96 41:17:15.76
02:00:28.80 41:21:16.53
01:58:57.88 41:14:44.24
02:00:21.66 41:20:45.80
96.1743174474364
85.1112652847772
111.026026377087
93.9891090219851
90.5183546529588
80.5638532062385
96.8032316256922
81.8320960139708
12.5505155010597
18.8689331514433
0.2500
50.2020620042387
55.2064500352202
106.573740507879 ANT1
38.1017997993851 SPE
54.03 0.87214220917963 
52.86 3.40344786238234e-05
30.45 0.00901400000000052
3.58 0.00266149999999943
137.39 0.0182107392816135
0.14 0.000168293989913304
3.00 0.00362137857029543
0.98 5.04982408842114e-05
0.07 8.70561598920461e-05
20.57 0.00942468529949281
151.40 0.0150415922479681
343.320134
51.19 0.991984934008175 
48.94 1.01758672857689
30.44 0.0127799999999993
3.51 0.0226290000000002
125.78 3.38276400210498
0.09 0.0108839109750603
1.75 0.195449841514253
0.97 0.000305830643953731
0.04 0.0055193399497452
23.43 0.388681767060142
159.46 1.76147659711478
343.805009
