437.174805 308 0.197262 0.425699
437.375580 307 0.201184 0.422077
437.485809 306 0.205380 0.418833
437.672943 305 0.209307 0.415245
438.148163 304 0.212273 0.410408
438.139801 303 0.216799 0.407633
438.092346 302 0.221436 0.405011
438.282471 301 0.225277 0.401359
438.507019 300 0.228985 0.397548
438.766174 299 0.232560 0.393578
439.000000 298 0.236199 0.389704
439.151154 297 0.240093 0.386170
439.300629 296 0.243974 0.382631
439.301575 295 0.248331 0.379708
439.350983 294 0.252511 0.376567
439.622955 293 0.255932 0.372473
440.000000 292 0.258983 0.367925
