2025-09-04T02:18:26.8584
63
93
51.1319409551512
321.00174 67.98484
320.89525 67.87375
-02:33:51.72 40:21:15.34
-02:33:33.41 40:20:49.26
-02:34:01.43 40:21:29.17
-02:33:04.93 40:20:08.70
214.346101195648
213.287762395446
216.663866746994
216.165253928928
81.9826606556553
80.8867713006694
82.5639047978639
79.1830105120216
1.43400029201403
4.42426419102851
0.1000
14.3400165958459
15.9374238309186
72.9103363522355 ANT1
67.7123938420316 AUR
15.39 1.04498990377691 
8.87 1.68902814815923
292.72 6.06622499999997
66.73 0.682778999999996
16.90 3.18262544788955
1.04 0.00427769059515759
1.05 0.00641804767365151
0.06 0.01553941579234
0.98 0.0105621405383686
24.76 0.00256139923016008
239.65 4.1768977731225
161.825536
