2025-09-10T02:07:35.4400
66
55
17.2883788783222
48.01467 39.19271
47.59881 39.09703
02:12:20.98 42:46:58.96
02:07:22.00 42:47:06.99
02:12:25.59 42:46:58.83
02:07:43.67 42:47:06.41
175.986367602346
164.43323214316
172.842680775665
163.498610340994
96.438349104259
76.210705185621
96.7511739605798
77.6725385441177
21.3704055712677
20.1561616755972
0.3500
61.0583182692649
64.2911632226377
57.7069308261394 ANT1
0.954486835286222 SPE
87.9833747967951 DSX
64.20 0.631659247510038 
63.21 5.68258787296827e-05
47.81 0.0121684999999943
39.23 0.009148500000002
139.11 0.0223844239278606
1.32 0.000392712925312066
6.30 0.018057597302974
0.89 0.000319367942685389
0.70 0.000275848188126204
9.99 0.0679984928786315
249.46 0.0312691119763429
167.155095
61.73 0.6695071102499 
60.02 0.681039837574367
47.83 0.00840900000000033
39.23 0.00846250000000026
137.11 0.440166546286122
1.10 0.0427871606524677
2.51 0.328949855827
0.74 0.0276934616327772
0.63 0.0146269958205917
21.81 0.784757640485171
262.86 3.03181969292115
167.640937
