2025-09-10T02:07:35.6114
93
66
119.106331099252
48.37888 40.76655
47.95753 40.67154
02:08:42.88 42:48:49.21
02:07:13.99 42:48:46.01
02:13:17.92 42:48:58.96
02:07:36.48 42:48:46.82
298.717167475351
295.154241603053
181.616404415582
167.685626522837
81.7941455754799
75.7359127754107
100.614322411959
77.2677789333711
6.39490687289417
24.6395550120857
0.1000
63.9489772491959
58.7199323566275 ANT1
0.672323852110666 SPE
87.7572519027955 DSX
83.96 2.27394147885524 
83.21 0.000103829157325208
48.12 0.0244790000000066
40.83 0.0200474999999969
143.85 0.040544152764312
3.21 0.00143504374482983
-0.50 0.000313321465295169
2.73 0.000945422282920827
0.86 0.000328435320702258
25.74 4.25798184906512e-05
216.63 0.0432474767683857
167.155095
66.22 2.27394147885524 
62.96 2.30961195946541
48.20 0.0114985000000019
40.82 0.0176230000000004
136.59 1.27654208615184
1.36 0.162302731860201
-8.96 11.8896955752634
0.90 0.134326505947616
0.71 0.0351390732502875
23.28 2.50035895775541
248.00 7.65546513830222
167.640937
