2025-09-04T20:04:31.6314
74
93
38.6031831823821
250.38875 18.46545
250.10473 18.51343
-01:41:17.43 44:36:49.07
-01:37:36.12 44:38:28.97
-01:40:16.30 44:37:16.69
-01:38:19.45 44:38:09.43
243.009553215194
245.29968750036
348.777241305381
348.869649168705
83.8157844880834
76.333929980412
81.7460316585712
77.7962681975141
9.49524273924258
5.01279952161091
0.5500
17.2640792044691
17.6864410742365
103.594370317522 ANT1
117.945124754172 AUR
18.32 0.375502973493449 
14.51 0.000182564675039742
246.33 0.0396865000000162
14.66 0.0316070000000011
11.66 0.0116089400455266
2.02 0.000305065881539335
-189.18 10.784664629542
1.01 0.000304345857979005
1.01 2.04941718393581e-05
25.67 5.63706977381173e-05
175.23 0.0282038620489402
162.059259
17.64 0.377838995450681 
13.14 0.496293553057757
245.82 0.243465999999984
14.05 0.2762125
10.68 0.381195190391598
1.91 0.0399813852756801
11.02 4.12100216329642
0.89 0.0397010213279025
1.01 1.32689807703645e-05
25.67 0.000270329168326811
174.84 0.0784029468014751
162.543825
