989.559532158447 -4576.77573197835 4317.0736656475 0.400333765185247 0.399116071514197 0.824887409233331
989.576219341643 -4576.77212395648 4317.0736656475 0.40101146491862 0.402036022853018 0.823138409583923
989.59290651168 -4576.76851587377 4317.0736656475 0.401857709652146 0.404932269317998 0.821303986632299
989.609593668565 -4576.76490773021 4317.0736656475 0.40260250206279 0.408041875006261 0.819397982407912
989.626280812291 -4576.76129952582 4317.0736656475 0.403688792439355 0.411087027061201 0.817338861819771
989.642967942865 -4576.75769126058 4317.0736656475 0.404318952924624 0.413803740533606 0.815654736163734
989.659655060279 -4576.7540829345 4317.0736656475 0.40529159071274 0.416292300528258 0.813903831554089
989.676342164541 -4576.75047454757 4317.0736656475 0.406001722309672 0.418981291067786 0.812168257947053
989.693029255642 -4576.74686609981 4317.0736656475 0.406798152921599 0.421834376137532 0.810290702086748
989.709716333591 -4576.7432575912 4317.0736656475 0.40765188803339 0.42476618107239 0.808327674646854
989.726403398382 -4576.73964902175 4317.0736656475 0.408199935121686 0.426784612835618 0.806986807335413
989.743090445436 -4576.73604039245 4317.0736656475 0.408395795208024 0.430211925864432 0.805065570808007
