2460933.675948989578
Ager 26
0.0000, 0.0500, 0.1000, 0.1500, 0.2000, 0.2500, 0.3000, 0.3500
30.89585, 30.30482, 29.70530, 29.12393, 28.44521, 27.82189, 27.15851, 26.62365
-10.11767, -10.89133, -11.67085, -12.42144, -13.29069, -14.08198, -14.91639, -15.58310
0.744033333
42.017627778
736
Segorbe 63
0.1483, 0.1983, 0.2483, 0.2983, 0.3483, 0.3983
163.55615, 177.63957, 192.71454, 205.77592, 217.50703, 227.24839
86.64540, 86.84374, 86.83358, 86.63700, 86.26376, 85.73472
-0.396900000
39.759000000
261
Zaragoza 93
0.3022, 0.3522, 0.4022, 0.4522, 0.5022
78.43863, 78.08915, 77.79279, 77.46173, 77.17404
-3.39550, -4.67277, -5.75218, -6.95294, -7.99132
-0.927380555
41.641700000
271
