2025-09-10T02:07:36.0961
55
93
101.980794161979
48.10346 40.24200
47.68419 40.14649
02:12:02.12 42:48:36.46
02:07:33.85 42:48:32.92
02:08:55.44 42:48:34.01
02:06:13.95 42:48:31.83
176.243210370765
166.934783020257
299.879627400418
293.402534515303
98.2551791665283
79.8615151511776
85.4442962004923
74.4047695734871
19.4052167667443
11.6485059221845
0.3000
64.684066170403
67.8729134384078
58.2792627797652 ANT1
0.282582933492682 SPE
87.9485071856821 DSX
65.93 1.21620248276637 
64.97 0.000115402949049326
47.91 0.0227764999999991
40.29 0.022458499999999
138.47 0.0482653780347277
1.49 0.000995343820270334
-126.12 15.3183687710581
1.01 0.000725534595347632
0.74 0.000566088326911296
25.79 5.16976239417488e-05
241.66 0.069761333284049
167.155095
65.98 1.30004747966376 
63.71 1.31995117399222
47.92 0.0160169999999979
40.29 0.0210594999999998
137.63 0.722317053643394
1.39 0.0944013462960429
-18.07 23.0339009187779
0.94 0.0800553361134504
0.71 0.019408965450145
20.26 5.52457472657433
246.58 4.14337669409974
167.640937
