2025-09-15T20:54:50.0618
14
85
7.82555378177032
279.00910 56.51708
278.89343 56.49467
-03:43:39.23 35:55:42.42
-03:41:25.37 35:52:48.17
-03:46:14.22 35:59:03.86
-03:42:25.95 35:54:07.07
124.75186502004
122.372410043869
154.016688152416
150.796758189862
78.6357798070185
66.1800772230017
93.1076826396293
71.8125708237603
14.0059216229836
23.93562922804
0.6500
21.5475685662266
20.9932108284782
86.1835875562528 ANT1
76.0151941048485 SPE
114.57828975981 DSX
23.71 0.373235834151772 
20.90 0.000108299275765944
274.74 0.0374490000000378
57.15 0.0172980000000038
32.10 0.00678163168158363
1.71 0.000529935119874203
3.45 0.00597184410296592
0.71 0.000497279736280776
1.00 2.17574233349893e-05
19.30 0.0166961625797342
186.48 0.0266137696460476
172.781320
21.92 0.373235834151772 
18.42 0.43672445007827
274.06 0.178028999999981
57.39 0.0507810000000006
29.26 0.522745555119812
1.57 0.0234208356511392
2.34 0.127456522294644
0.57 0.0234605731571274
1.00 8.07397258237863e-05
22.14 0.292466998371481
186.40 0.0298646523543766
173.268637
