2915.29658825363 -4204.21651806145 3796.06471033883 0.727387778400585 -0.646918525654648 -0.228917978757193
2915.31191705152 -4204.20588869306 3796.06471033883 0.727925428113646 -0.643916264558973 -0.235576771652011
2915.32724581066 -4204.19525926878 3796.06471033883 0.728541421595718 -0.640097788395049 -0.243930765404975
2915.34257453104 -4204.18462978861 3796.06471033883 0.729109863711928 -0.6359172355408 -0.252998174262425
2915.35790321267 -4204.17400025255 3796.06471033883 0.729625577013056 -0.632018490872816 -0.261149659320499
2915.37323185553 -4204.1633706606 3796.06471033883 0.730036035739315 -0.627596464009861 -0.270499657826667
2915.38856045965 -4204.15274101276 3796.06471033883 0.730328234715071 -0.624889235663426 -0.275924106830024
2915.4038890208 -4204.14211131194 3796.06471033883 0.730748568778719 -0.620259784266219 -0.28510406740325
2915.4192175474 -4204.13148155233 3796.06471033883 0.730951477736929 -0.615919767517174 -0.293858430499775
2915.43454603524 -4204.12085173682 3796.06471033883 0.731059599362457 -0.613390239922738 -0.298838209985821
2915.44987448433 -4204.11022186543 3796.06471033883 0.730699269288241 -0.608185958665569 -0.310142576154377
2915.46520289466 -4204.09959193814 3796.06471033883 0.732703414701001 -0.601497998212295 -0.31834865200295
2915.48053126623 -4204.08896195497 3796.06471033883 0.731319207304515 -0.598353050858473 -0.327331397143404
2915.49585959904 -4204.07833191591 3796.06471033883 0.731522675380506 -0.597248095944689 -0.328890996067984
