1200.004272 249 5.431054 -0.288603
1200.264038 248 5.431134 -0.289945
1200.078613 247 5.431668 -0.291129
1199.993164 246 5.432100 -0.292350
1199.748901 245 5.432694 -0.293515
1199.894775 244 5.432891 -0.294819
1199.883301 243 5.433249 -0.296067
1199.892700 242 5.433585 -0.297324
1199.881226 241 5.433943 -0.298573
1199.726074 240 5.434448 -0.299773
1199.646729 239 5.434875 -0.300999
1199.662964 238 5.435205 -0.302260
1199.573242 237 5.435644 -0.303484
1199.581909 236 5.435982 -0.304744
1199.486450 235 5.436427 -0.305967
1199.327026 234 5.436937 -0.307168
1199.331421 233 5.437280 -0.308428
1199.202026 232 5.437760 -0.309641
1199.233765 231 5.438076 -0.310911
1199.097656 230 5.438563 -0.312123
1199.111084 229 5.438898 -0.313388
1199.022217 228 5.439338 -0.314617
1198.980835 227 5.439729 -0.315864
1198.967773 226 5.440092 -0.317121
1198.783203 225 5.440630 -0.318318
1198.715942 224 5.441048 -0.319558
1198.605225 223 5.441511 -0.320782
1198.602417 222 5.441865 -0.322046
1198.497192 221 5.442323 -0.323273
1198.469360 220 5.442702 -0.324529
1198.454468 219 5.443068 -0.325790
1198.330200 218 5.443546 -0.327012
1198.199951 217 5.444031 -0.328234
1198.228638 216 5.444354 -0.329512
1198.137939 215 5.444798 -0.330748
1198.136353 214 5.445152 -0.332016
1197.979370 213 5.445665 -0.333231
1197.914062 212 5.446085 -0.334478
1197.899414 211 5.446453 -0.335743
1197.924805 210 5.446781 -0.337024
1197.715454 209 5.447348 -0.338222
1197.759644 208 5.447657 -0.339510
1197.536499 207 5.448239 -0.340705
1197.563477 206 5.448566 -0.341988
1197.454956 205 5.449032 -0.343224
1197.426514 204 5.449416 -0.344489
1197.288696 203 5.449912 -0.345716
1197.128052 202 5.450432 -0.346936
1197.197754 201 5.450717 -0.348237
1197.122559 200 5.451150 -0.349489
1197.049194 199 5.451581 -0.350741
1196.929688 198 5.452060 -0.351978
1196.922363 197 5.452425 -0.353255
1196.728027 196 5.452981 -0.354466
1196.739014 195 5.453328 -0.355751
1196.575317 194 5.453853 -0.356975
1196.581909 193 5.454205 -0.358259
1196.434082 192 5.454715 -0.359490
1196.340820 191 5.455169 -0.360740
1196.406616 190 5.455461 -0.362047
1196.248779 189 5.455982 -0.363277
1196.222534 188 5.456369 -0.364553
1196.101562 187 5.456853 -0.365796
1195.958374 186 5.457360 -0.367033
1195.805664 185 5.457877 -0.368266
1195.765137 184 5.458280 -0.369540
1195.733398 183 5.458674 -0.370818
1195.630981 182 5.459141 -0.372071
1195.611572 181 5.459524 -0.373354
1195.537964 180 5.459962 -0.374619
1195.475342 179 5.460389 -0.375888
1195.235840 178 5.460997 -0.377096
1195.198242 177 5.461400 -0.378376
1195.145508 176 5.461818 -0.379651
1195.081421 175 5.462248 -0.380923
1194.995850 174 5.462700 -0.382188
1194.924316 173 5.463139 -0.383458
1194.727417 172 5.463706 -0.384685
1194.530273 171 5.464274 -0.385913
1194.475098 170 5.464697 -0.387191
1194.396973 169 5.465143 -0.388463
1194.380005 168 5.465528 -0.389756
1194.385498 167 5.465890 -0.391058
1194.365479 166 5.466278 -0.392351
1194.365601 165 5.466647 -0.393653
1194.313477 164 5.467069 -0.394937
1194.242676 163 5.467510 -0.396215
1194.143677 162 5.467981 -0.397484
1194.046631 161 5.468451 -0.398754
1193.982300 160 5.468887 -0.400037
1193.929077 159 5.469312 -0.401324
1193.882324 158 5.469731 -0.402614
1193.782837 157 5.470205 -0.403887
1193.718506 156 5.470643 -0.405172
1193.616211 155 5.471120 -0.406445
1193.474609 154 5.471638 -0.407705
1193.346313 153 5.472143 -0.408971
1193.220215 152 5.472646 -0.410238
1193.135132 151 5.473107 -0.411520
1193.061157 150 5.473557 -0.412807
1192.983521 149 5.474012 -0.414093
1192.850464 148 5.474524 -0.415361
1192.664307 147 5.475091 -0.416610
1192.371582 146 5.475768 -0.417823
1192.216919 145 5.476303 -0.419086
1192.044189 144 5.476858 -0.420343
1191.983521 143 5.477298 -0.421640
1191.993042 142 5.477667 -0.422963
1192.038452 141 5.477999 -0.424299
1192.052612 140 5.478363 -0.425625
1192.130737 139 5.478663 -0.426974
1192.245728 138 5.478924 -0.428337
1192.299316 137 5.479250 -0.429680
1192.330566 136 5.479599 -0.431015
1192.310913 135 5.480000 -0.432333
1192.253418 134 5.480441 -0.433639
1192.265015 133 5.480812 -0.434970
1192.374634 132 5.481082 -0.436336
1192.352051 131 5.481489 -0.437657
