2025-09-06T01:19:53.6779
9
19
21.0806518860173
338.75345 22.51563
338.44590 22.38237
-05:22:34.15 38:03:32.65
-05:20:07.95 38:04:50.78
-05:25:05.86 38:02:11.48
-05:20:18.27 38:04:45.26
109.15408649883
105.955994076132
177.727803013705
177.034282963738
73.7889909867508
63.9521601195829
84.0375009540167
64.6454800274505
10.7549874325668
21.1985359507308
0.5000
21.5099748651335
21.5686467226702
57.7477301971093 ANT1
57.459415225272 SPE
24.03 0.414638135899595 
21.27 0.000102427979879138
336.60 0.0259930000000281
21.31 0.00943199999999678
19.88 0.0054673124793716
1.04 0.000632065021333172
1.80 0.00207243270880886
0.65 0.000240731107568615
0.63 0.000307609579462631
23.41 0.0042186312385688
267.65 0.0543712435874113
163.240595
21.92 0.414638135899595 
18.37 0.485502873512583
336.26 0.0940004999999928
21.00 0.0720935000000011
17.02 0.47095424722626
1.03 0.00139269532150044
1.52 0.0393224870661582
0.56 0.0147854469621611
0.66 0.00548218562332448
23.95 0.0743334499839676
267.52 0.0752847472982126
163.725451
