5041.07690470136 -77.9562538044366 3894.21541782322 0.422693312195622 0.709597391009351 0.563739218520246
5041.07718890088 -77.9378737451415 3894.21541782322 0.417686109654469 0.713187618347407 0.562940258675526
5041.07747303338 -77.9194936848103 3894.21541782322 0.408629543105039 0.719787493930768 0.561184336989755
5041.07775709887 -77.9011136234433 3894.21541782322 0.399382546866427 0.726051875799501 0.559769823147436
5041.07804109734 -77.8827335610406 3894.21541782322 0.39305772010537 0.730513825106543 0.558439952003594
5041.07832502879 -77.8643534976026 3894.21541782322 0.382241230665953 0.736426263145604 0.558182766240932
5041.07860889324 -77.8459734331295 3894.21541782322 0.37545865609831 0.742565593369717 0.554641449140191
5041.07889269066 -77.8275933676215 3894.21541782322 0.363636328266481 0.749371346252618 0.553363538896819
5041.07917642107 -77.8092133010789 3894.21541782322 0.356653059895866 0.753424733941459 0.552403625216343
5041.07946008447 -77.7908332335019 3894.21541782322 0.347876853542081 0.760091340317506 0.548855945712533
5041.07974368085 -77.7724531648908 3894.21541782322 0.344062582319016 0.762157780290328 0.548394435959092
