947.307617 3680 1.676308 0.789498
947.650452 3679 1.675475 0.789993
947.957886 3678 1.674669 0.790493
948.438599 3677 1.673727 0.790970
949.022705 3676 1.672704 0.791432
949.527893 3675 1.671743 0.791904
947.944397 3674 1.672414 0.792653
948.905457 3673 1.671095 0.793064
949.045288 3672 1.670419 0.793583
948.111389 3671 1.670583 0.794246
952.541260 3670 1.666549 0.794187
951.819580 3669 1.666544 0.794822
951.578735 3668 1.666164 0.795392
951.842102 3667 1.665389 0.795892
953.729004 3666 1.663343 0.796169
953.999634 3665 1.662561 0.796667
955.163025 3664 1.661081 0.797041
955.570679 3663 1.660191 0.797519
953.483521 3662 1.661255 0.798343
954.739258 3661 1.659700 0.798703
956.535034 3660 1.657722 0.798985
957.396851 3659 1.656475 0.799396
960.699707 3658 1.653319 0.799457
958.169312 3657 1.654725 0.800351
960.339478 3656 1.652453 0.800572
961.375854 3655 1.651069 0.800953
955.932861 3654 1.654761 0.802266
961.321533 3653 1.649962 0.802022
961.724487 3652 1.649072 0.802494
963.195679 3651 1.647345 0.802808
959.786621 3650 1.649442 0.803836
962.357849 3649 1.646850 0.803990
963.130249 3648 1.645669 0.804405
965.584351 3647 1.643170 0.804569
966.077148 3646 1.642207 0.805022
963.466797 3645 1.643675 0.805940
964.389526 3644 1.642374 0.806330
964.970581 3643 1.641341 0.806770
965.816040 3642 1.640100 0.807170
967.490601 3641 1.638209 0.807442
967.096741 3640 1.637938 0.808028
967.671021 3639 1.636909 0.808466
968.537537 3638 1.635650 0.808859
969.030090 3637 1.634683 0.809308
969.817688 3636 1.633485 0.809711
970.126465 3635 1.632662 0.810187
970.673584 3634 1.631652 0.810625
971.049927 3633 1.630775 0.811090
971.093750 3632 1.630159 0.811606
971.162720 3631 1.629523 0.812118
971.355225 3630 1.628789 0.812610
971.122314 3629 1.628390 0.813169
972.641968 3628 1.626613 0.813451
972.805847 3627 1.625901 0.813946
973.525513 3626 1.624752 0.814353
975.741821 3625 1.622427 0.814519
975.201111 3624 1.622266 0.815126
975.742981 3623 1.621256 0.815558
976.440552 3622 1.620122 0.815965
977.385925 3621 1.618794 0.816330
977.471069 3620 1.618140 0.816835
978.058472 3619 1.617092 0.817257
978.536133 3618 1.616130 0.817697
979.326965 3617 1.614921 0.818084
979.855347 3616 1.613918 0.818514
980.385925 3615 1.612913 0.818943
981.135376 3614 1.611735 0.819334
981.454956 3613 1.610895 0.819797
981.987122 3612 1.609887 0.820223
982.517273 3611 1.608880 0.820650
982.980713 3610 1.607926 0.821086
983.503113 3609 1.606924 0.821513
983.910095 3608 1.606013 0.821958
984.068420 3607 1.605297 0.822445
984.019165 3606 1.604744 0.822967
984.917053 3605 1.603446 0.823327
985.726013 3604 1.602217 0.823701
985.786804 3603 1.601576 0.824203
986.474426 3602 1.600442 0.824596
986.195923 3601 1.600067 0.825156
986.037415 3600 1.599598 0.825695
988.878540 3599 1.596768 0.825713
988.372314 3598 1.596571 0.826312
989.281982 3597 1.595260 0.826663
988.139648 3596 1.595564 0.827373
991.098999 3595 1.592638 0.827362
992.369690 3594 1.591042 0.827645
990.374390 3593 1.592015 0.828508
992.475037 3592 1.589764 0.828643
991.986633 3591 1.589550 0.829238
993.028198 3590 1.588132 0.829560
994.802307 3589 1.586137 0.829748
995.042053 3588 1.585349 0.830211
993.896362 3587 1.585651 0.830924
994.331787 3586 1.584708 0.831352
995.666626 3585 1.583057 0.831616
994.127686 3584 1.583669 0.832401
996.059021 3583 1.581546 0.832555
998.886719 3582 1.578719 0.832541
994.778992 3581 1.581352 0.833799
994.185181 3580 1.581219 0.834412
994.141479 3579 1.580652 0.834925
998.583801 3578 1.576545 0.834611
999.447144 3577 1.575261 0.834954
999.390991 3576 1.574701 0.835467
1000.399170 3575 1.573303 0.835782
1003.113342 3574 1.570561 0.835773
1001.953857 3573 1.570867 0.836493
1002.623779 3572 1.569734 0.836868
1003.473206 3571 1.568459 0.837208
1003.787354 3570 1.567604 0.837648
1002.891113 3569 1.567703 0.838319
1005.101868 3568 1.565354 0.838397
1006.168640 3567 1.563906 0.838692
1006.733521 3566 1.562852 0.839082
1007.904602 3565 1.561321 0.839354
1007.506226 3564 1.561025 0.839929
1006.532898 3563 1.561181 0.840615
1007.071594 3562 1.560146 0.841008
1009.118713 3561 1.557923 0.841107
1005.802185 3560 1.559926 0.842249
1008.318237 3559 1.557330 0.842257
1011.544067 3558 1.554178 0.842119
1010.834167 3557 1.554123 0.842755
1011.703735 3556 1.552825 0.843078
1012.104675 3555 1.551896 0.843493
1016.448547 3554 1.547868 0.843120
1011.166504 3553 1.551406 0.844669
1015.331116 3552 1.547513 0.844331
1013.982178 3551 1.547958 0.845095
1017.399048 3550 1.544655 0.844899
1013.611450 3549 1.547018 0.846155
1015.994202 3548 1.544524 0.846168
1014.943848 3547 1.544734 0.846872
1014.968018 3546 1.544097 0.847359
1018.748535 3545 1.540503 0.847081
1014.050354 3544 1.543585 0.848529
1019.228455 3543 1.538887 0.847964
1019.770203 3542 1.537840 0.848343
1020.951416 3541 1.536291 0.848588
1017.867065 3540 1.538098 0.849713
1022.061951 3539 1.534175 0.849336
1020.318787 3538 1.534924 0.850186
1021.257446 3537 1.533563 0.850480
1023.124451 3536 1.531472 0.850579
1024.433350 3535 1.529820 0.850792
1021.644592 3534 1.531390 0.851863
1024.442871 3533 1.528563 0.851763
1024.555054 3532 1.527850 0.852226
