2025-09-01T21:20:17.5931
20
55
60.7625839631943
283.39730 76.17530
283.63336 76.14219
01:30:55.93 41:03:20.84
01:31:50.43 40:58:16.53
01:31:06.57 41:02:21.49
01:31:54.51 40:57:53.73
153.982127494525
154.323954680016
125.743726325777
121.402026368951
88.0007894471537
74.9676166925165
85.4537310496562
73.9936960311315
16.1852088994507
14.2337176292028
0.4500
35.9671270764542
37.2475423446433
86.9866792568551 ANT1
64.6155663685632 AUR
37.82 0.236356669559051 
36.13 0.000172045039853685
279.45 0.0986770000000092
76.74 0.0310635000000161
57.12 0.022379465929518
2.05 0.00153418090233837
-28.51 1.22245206565074
1.04 0.00152067469922623
1.01 1.4167325267378e-05
25.66 0.00010912800091134
178.35 0.0551186010230253
159.204402
36.20 0.236356669559051 
34.18 0.248694594951957
279.24 0.129054499999995
76.82 0.0397675000000106
55.28 0.2649598669718
1.92 0.0179252024280252
10.52 1.88643959198234
0.90 0.0177578016559691
1.01 1.73320469758487e-05
25.67 0.000178952369761731
178.35 0.0802616922324546
159.688282
