2025-09-05T04:15:03.5355
26
66
9.29676843182346
121.11135 23.52072
120.72909 23.59459
03:35:21.67 42:00:44.05
02:42:27.90 41:56:49.22
03:08:34.58 41:58:48.24
02:56:10.28 41:57:52.45
262.418229657875
177.244353230282
151.456313952505
132.348251796365
110.129631063065
66.7380041571432
87.9884231882315
77.8520078285856
86.1831531091503
20.1822547975642
0.8000
107.728947807583
110.038969771982
122.822565072123 ANT1
26.0043457839316 AUR
66.0158662170644 SPE
133.40 4.6202950494802 
132.93 1.90227122232045e-05
121.14 0.00585400000001357
23.52 0.00619999999999976
173.47 0.0123990999158821
4.57 0.00169535532474097
-0.08 4.23269479524202e-06
7.68 0.00119755707584535
0.53 0.00012268267493154
25.64 1.95596166463474e-06
117.38 0.00949881468518754
162.388600
112.35 4.6202950494802 
107.15 4.64546209020136
121.20 0.0134399999999886
23.48 0.0093040000000002
172.78 0.204290707354602
2.41 0.343448391616616
-0.15 0.0192675714265057
4.20 0.540639234990517
0.46 0.0180243117235709
25.63 0.00289285252846128
109.06 2.3689238873267
162.873246
