3111.3918059314 3584.13565174224 4247.55149647418 -0.496270239663772 0.821434935445814 0.280999103296068
3111.37873794425 3584.1469960334 4247.55149647418 -0.496495367872324 0.822346292006956 0.277918919297942
3111.36566991574 3584.15834027692 4247.55149647418 -0.497284575258256 0.822929799176551 0.274762801043841
3111.35260184587 3584.16968447278 4247.55149647418 -0.497660222403204 0.823717047593877 0.271706695796812
3111.33953373464 3584.181028621 4247.55149647418 -0.49841830534712 0.824405471942956 0.268206656750754
3111.32646558205 3584.19237272158 4247.55149647418 -0.498843057839104 0.82535221646056 0.264479342159977
3111.31339738809 3584.20371677451 4247.55149647418 -0.49978481313617 0.825924972494173 0.260889019257124
3111.30032915278 3584.21506077978 4247.55149647418 -0.500219918508368 0.826729867047662 0.257483514149618
3111.2872608761 3584.22640473742 4247.55149647418 -0.500888626440462 0.827478181185907 0.253752721293487
3111.27419255806 3584.2377486474 4247.55149647418 -0.500962808526698 0.828434552419389 0.250464482174081
3111.26112419866 3584.24909250974 4247.55149647418 -0.50171858733416 0.829219871556208 0.246318622397335
3111.24805579791 3584.26043632442 4247.55149647418 -0.501997441279208 0.830108014127102 0.242732885763524
3111.23498735937 3584.27178008835 4247.55149647418 -0.502996466262561 0.830750329127493 0.23842912066679
3111.22191887589 3584.28312380774 4247.55149647418 -0.503189012390079 0.831725242899701 0.234593133175997
3111.20885035106 3584.29446747949 4247.55149647418 -0.503070988291226 0.832832769407503 0.230887762648257
3111.1827131773 3584.31715468003 4247.55149647418 -0.50405724093275 0.834655976843783 0.221981301424726
