2025-09-17T02:32:15.5101
20
63
78.2029221117112
21.49070 11.68404
21.15044 11.55085
-01:37:50.22 40:06:32.76
-01:37:13.36 40:07:41.16
-01:40:24.41 40:01:46.16
-01:37:26.21 40:07:17.32
300.376175010706
297.308198076727
141.637767726904
130.102722751464
66.3914999662511
62.3871076915229
83.2326022007628
63.7820535668407
4.62112319500104
22.4356869848901
0.1500
30.8074683798127
10.2239817127365
41.7108291955827 SPE
120.15891932513 DSX
33.58 0.987832068774729 
31.67 8.98166589458071e-05
20.54 0.0252424999999974
10.80 0.00416199999999911
4.41 0.0216022973413397
0.23 0.000393371716389923
1.15 0.00107497730314066
0.89 8.5379321455803e-05
0.12 0.000213332632568897
24.57 0.00172683359237169
329.27 0.0399099048947846
173.984623
31.80 0.987832068774729 
28.70 1.0603043131791
20.48 0.0493914999999987
10.62 0.0757204999999992
3.33 0.331380828461294
0.29 0.0193849949682239
1.05 0.0373322834532788
0.85 0.0167189124298436
0.16 0.0119157308440835
24.75 0.0604691479390276
326.72 0.653279181423841
174.472264
