2025-09-10T00:22:01.6862
66
59
65.1921789939497
46.18268 38.67367
45.77092 38.57464
01:11:35.57 38:41:27.72
01:05:43.98 38:40:05.86
01:11:26.79 38:41:25.68
01:05:37.47 38:40:04.34
332.904834845699
333.577432428037
177.294495098901
163.913729472593
91.8065034917954
80.6130746435674
91.526447006011
80.4060427522209
14.3541343343466
14.260836298897
0.2500
57.4165373373866
69.2739219339693
56.2117778867547 ANT1
2.23776211279039 SPE
89.3973071061022 DSX
69.47 1.0623387614814 
68.56 5.4227709270549e-05
46.21 0.0118669999999952
38.78 0.00990099999999927
141.14 0.0228282178168229
1.68 0.000433458782717722
-2.76 0.00385159693229209
1.27 0.000369792399796287
0.74 0.000190313989298141
25.77 1.78006429365496e-05
238.21 0.0211078187409157
167.083938
58.54 1.1224066588418 
56.32 1.14434677519484
46.36 0.0194179999999946
38.74 0.0074444999999983
134.13 0.904442667402776
0.86 0.0614699875887555
1.56 0.193222427837375
0.67 0.0221437025766034
0.52 0.03011707053904
23.86 0.366501724998461
282.68 5.80971162968905
167.569761
