2025-09-01T22:30:40.6060
93
20
20.7229820164858
36.67508 10.87840
36.32980 10.76379
-01:17:53.08 41:53:54.43
-01:31:00.10 41:53:44.01
-00:57:35.29 41:54:07.61
-01:43:51.35 41:53:32.34
107.071039059992
109.322900297645
178.040335752866
225.103838098489
96.8797508062444
91.8283662689364
104.814449462116
86.9362540415132
19.0987402495503
67.3962272999471
0.3000
63.6624776173792
62.59827477399
46.9623023504075 ANT1
56.7634675229293 AUR
63.37 0.61815970552417 
62.37 2.54612909529328e-05
37.15 0.0128775000000019
10.49 0.0102715
169.73 0.0331376808041739
0.67 0.000421269582409622
7.55 0.03337791431262
0.95 0.000235101123850168
0.34 0.000256891888683608
5.01 0.137638345284829
110.50 0.021475933247757
339.251651
64.28 0.61815970552417 
62.67 0.627933455989449
37.14 0.0221064999999925
10.49 0.0179080000000003
169.68 0.183392213769935
0.67 0.029713923819633
18.39 11.3573116853193
0.97 0.0174562114937251
0.34 0.0121384077113149
-64.68 71.8001197621461
110.24 2.22306420920462
339.735542
