219 565.790283 4.546412 0.349116
218 565.860413 4.544398 0.348061
217 565.896973 4.542360 0.347055
216 566.168823 4.540489 0.345684
215 566.235107 4.538472 0.344628
214 566.296326 4.536452 0.343577
213 566.408386 4.534467 0.342446
212 566.552368 4.532505 0.341264
211 566.739990 4.530574 0.340013
210 566.806885 4.528556 0.338945
209 566.947083 4.526591 0.337762
208 567.106445 4.524639 0.336547
207 567.228943 4.522661 0.335387
206 567.356018 4.520686 0.334218
205 567.419556 4.518666 0.333144
204 567.498535 4.516656 0.332044
203 567.628357 4.514682 0.330864
202 567.846802 4.512771 0.329547
201 568.010498 4.510820 0.328311
200 568.153931 4.508855 0.327103
199 568.315186 4.506903 0.325867
198 568.406860 4.504900 0.324734
197 568.446411 4.502861 0.323678
196 568.606018 4.500906 0.322438
195 568.783447 4.498964 0.321168
194 568.946472 4.497010 0.319918
193 569.183228 4.495109 0.318554
192 569.299683 4.493122 0.317370
191 569.395630 4.491121 0.316215
190 569.443298 4.489084 0.315131
189 569.485046 4.487043 0.314053
188 569.703979 4.485127 0.312705
187 569.857239 4.483164 0.311454
186 570.034729 4.481218 0.310165
185 570.205872 4.479267 0.308882
184 570.336426 4.477286 0.307659
183 570.307007 4.475192 0.306675
182 570.429138 4.473204 0.305460
181 570.557373 4.471220 0.304233
180 570.675354 4.469229 0.303019
179 570.832825 4.467265 0.301744
178 571.033203 4.465330 0.300402
177 571.224548 4.463389 0.299071
176 571.400208 4.461435 0.297762
175 571.435669 4.459382 0.296661
174 571.615295 4.457431 0.295341
173 571.695862 4.455408 0.294167
172 571.794495 4.453398 0.292964
171 571.961426 4.451435 0.291656
170 572.172852 4.449503 0.290279
169 572.243225 4.447470 0.289111
168 572.412781 4.445507 0.287792
167 572.495483 4.443482 0.286601
166 572.572876 4.441452 0.285415
165 572.790283 4.439520 0.284018
164 572.981812 4.437569 0.282657
163 573.062439 4.435539 0.281459
162 573.140808 4.433507 0.280262
161 573.194397 4.431456 0.279099
160 573.507446 4.429587 0.277548
159 573.637512 4.427589 0.276267
158 573.861572 4.425655 0.274844
157 573.855591 4.423559 0.273759
156 573.843262 4.421458 0.272681
155 573.926208 4.419422 0.271460
154 574.023987 4.417396 0.270214
153 574.325623 4.415512 0.268664
152 574.530518 4.413559 0.267255
151 574.660828 4.411553 0.265953
150 574.920288 4.409636 0.264459
149 575.003540 4.407595 0.263222
148 575.123840 4.405578 0.261928
147 575.099548 4.403459 0.260844
146 575.188660 4.401419 0.259591
145 575.357788 4.399433 0.258217
144 575.614380 4.397507 0.256712
143 575.706970 4.395466 0.255446
142 575.744812 4.393385 0.254258
141 575.850708 4.391350 0.252967
140 576.072327 4.389395 0.251504
139 576.176147 4.387356 0.250210
138 576.282654 4.385318 0.248911
137 576.479126 4.383341 0.247477
136 576.572266 4.381291 0.246191
135 576.662537 4.379238 0.244907
134 576.795166 4.377213 0.243559
133 576.951721 4.375203 0.242173
132 577.109436 4.373193 0.240783
131 577.227905 4.371153 0.239447
130 577.346741 4.369113 0.238108
129 577.526611 4.367114 0.236678
128 577.668030 4.365086 0.235301
127 577.777527 4.363035 0.233968
126 577.888733 4.360983 0.232629
125 578.049255 4.358965 0.231217
124 578.189819 4.356930 0.229830
123 578.312927 4.354882 0.228466
122 578.371826 4.352789 0.227192
121 578.478455 4.350726 0.225847
120 578.798279 4.348809 0.224190
119 579.020569 4.346823 0.222672
118 579.168884 4.344784 0.221258
117 579.329773 4.342752 0.219824
116 579.355896 4.340626 0.218580
115 579.273804 4.338425 0.217490
114 579.273621 4.336277 0.216278
