2025-09-23T04:21:53.9870
66
55
7.63681931046698
352.09988 30.24942
351.78174 30.10754
03:16:42.21 39:53:42.14
03:36:54.11 39:48:29.93
02:56:49.62 39:58:45.20
03:45:03.29 39:46:22.69
227.740359623443
247.825388940755
196.127908839479
230.764656635953
64.1848330511448
48.8553528968359
79.4471663877639
42.7188113571128
34.2699086396947
81.8819113600763
1.4500
23.6344189742881
24.80598962752
142.338043921442 DSX
36.0015745584709 STA
24.02 0.202301402492528 
21.26 2.83853071891826e-05
347.78 0.0114399999999932
27.42 0.00745199999999713
19.76 0.00416773881673294
1.11 0.000288899706825552
2.05 0.00129431081776632
0.68 0.000147882112093933
0.66 0.000119037244602271
22.91 0.00280733577602632
261.04 0.0226689527890471
179.919640
23.84 0.202301402492528 
20.82 0.229663331229858
347.63 0.0927109999999516
27.33 0.057264
19.24 0.226592108189568
1.12 0.000803079754023495
2.02 0.0369432839696704
0.67 0.00724220643895856
0.67 0.0026296042895807
22.97 0.079411808774509
260.10 0.0761614410404263
180.408911
