1669.19581055026 4482.9748424998 4204.9207074882 -0.262737989508197 0.87170325590894 -0.413644995747492
1669.17946535288 4482.98092845474 4204.9207074882 -0.26612298214006 0.870082765255526 -0.414890997711662
1669.1631201333 4482.98701435008 4204.9207074882 -0.269647365162945 0.868408343777619 -0.416121673213609
1669.14677489154 4482.99310018583 4204.9207074882 -0.273152075662351 0.866599488842158 -0.41760420196624
1669.13042962759 4482.99918596199 4204.9207074882 -0.276459697196038 0.865010024033215 -0.418721499505736
1669.11408434145 4483.00527167854 4204.9207074882 -0.28008389665519 0.863059598587313 -0.420334557371567
1669.0977390376 4483.01135733384 4204.9207074882 -0.283447102926645 0.861311625084781 -0.421663401703664
1669.08139370708 4483.0174429312 4204.9207074882 -0.286820476618367 0.85965293959352 -0.422765700643552
1669.06504835438 4483.02352846897 4204.9207074882 -0.290123338979435 0.857832662444146 -0.424206991247682
1669.04870297949 4483.02961394715 4204.9207074882 -0.293457305924763 0.856186948715957 -0.425237249600549
1669.0323575824 4483.03569936573 4204.9207074882 -0.296742876692962 0.854355808385104 -0.426637806354079
1669.01601216313 4483.04178472471 4204.9207074882 -0.300162014279203 0.852471064339796 -0.428013842821966
1668.99966672168 4483.04787002409 4204.9207074882 -0.303351500411211 0.850792157345934 -0.42910438380063
1668.98332125803 4483.05395526388 4204.9207074882 -0.309812117395804 0.847253740152555 -0.431482968044204
1668.9669757722 4483.06004044407 4204.9207074882 -0.312968446346099 0.845552113667681 -0.432541760601016
1668.95063026418 4483.06612556467 4204.9207074882 -0.316239502913199 0.843662008249436 -0.433851348544338
1668.93428473398 4483.07221062567 4204.9207074882 -0.319304780654058 0.841921734898162 -0.434985343842219
1668.91793918158 4483.07829562707 4204.9207074882 -0.32245238935912 0.840013351219177 -0.436350806542307
1668.90159360701 4483.08438056887 4204.9207074882 -0.325493618146874 0.838183353970189 -0.437610065781103
1668.88524801024 4483.09046545108 4204.9207074882 -0.327833625303865 0.837054603379902 -0.438023635299102
1668.86890239578 4483.09655027202 4204.9207074882 -0.331550821806327 0.834699615791975 -0.439716504075386
1668.85255675464 4483.10263503504 4204.9207074882 -0.337594792971663 0.831114578760055 -0.441903058069206
1668.83621109132 4483.10871973845 4204.9207074882 -0.340544251834251 0.829401136773692 -0.442858179173827
1668.81986540582 4483.11480438227 4204.9207074882 -0.343187453734473 0.827898787572509 -0.443628187940327
1668.80351969813 4483.1208889665 4204.9207074882 -0.346088885849233 0.825996980554069 -0.444917375708341
1668.78717396825 4483.12697349112 4204.9207074882 -0.348884023969056 0.82431101556602 -0.445860165787073
1668.7708282162 4483.13305795615 4204.9207074882 -0.351808007099397 0.822450228469133 -0.446997480789123
1668.75448244195 4483.13914236158 4204.9207074882 -0.354557059198521 0.820792698983948 -0.447871228219835
1668.73813664553 4483.14522670741 4204.9207074882 -0.357605500584004 0.818932954542157 -0.448850890515901
1668.72179082692 4483.15131099364 4204.9207074882 -0.359913037671284 0.817558766961071 -0.449511143220411
