1246.348633 352 1.862061 -0.542563
1246.398438 353 1.860283 -0.542829
1246.176880 354 1.858334 -0.542425
1245.654785 355 1.856197 -0.541280
1245.575684 356 1.854341 -0.541233
1245.210693 357 1.852307 -0.540481
1244.922241 358 1.850322 -0.539921
1244.617798 359 1.848329 -0.539323
1244.342651 360 1.846356 -0.538800
1244.218750 361 1.844477 -0.538653
1243.602295 362 1.842297 -0.537293
1243.712036 363 1.840563 -0.537725
1243.299683 364 1.838512 -0.536873
1243.237549 365 1.836675 -0.536885
1242.573242 366 1.834475 -0.535418
1242.747925 367 1.832782 -0.536017
1241.882935 368 1.830467 -0.534062
1242.215332 369 1.828869 -0.535051
1241.471069 370 1.826630 -0.533398
1241.718994 371 1.824982 -0.534183
1240.796509 372 1.822644 -0.532099
1240.966187 373 1.820950 -0.532694
1240.157349 374 1.818684 -0.530895
1240.532104 375 1.817111 -0.531996
1239.658447 376 1.814812 -0.530043
1239.962036 377 1.813197 -0.530973
1238.884644 378 1.810786 -0.528528
1239.080933 379 1.809110 -0.529198
1238.275269 380 1.806861 -0.527424
1238.434204 381 1.805164 -0.528006
1237.986572 382 1.803123 -0.527110
1237.921753 383 1.801300 -0.527150
1237.628296 384 1.799349 -0.526634
1236.981079 385 1.797200 -0.525260
1237.188477 386 1.795532 -0.525968
1235.898071 387 1.793030 -0.523034
1236.359985 388 1.791503 -0.524363
1235.774414 389 1.789397 -0.523149
1235.506714 390 1.787468 -0.522709
1235.272095 391 1.785559 -0.522351
1234.704102 392 1.783468 -0.521187
1234.810425 393 1.781746 -0.521660
1233.859741 394 1.779451 -0.519573
1234.010254 395 1.777754 -0.520157
1233.222168 396 1.775553 -0.518470
1233.087524 397 1.773704 -0.518367
1232.936523 398 1.771846 -0.518226
1231.952881 399 1.769548 -0.516075
1232.254272 400 1.767932 -0.517030
1231.460205 401 1.765738 -0.515343
1231.369873 402 1.763917 -0.515356
1231.050781 403 1.761976 -0.514819
1230.463623 404 1.759897 -0.513639
1230.218506 405 1.757997 -0.513285
1229.271362 406 1.755736 -0.511244
1229.386597 407 1.754025 -0.511761
1228.716431 408 1.751911 -0.510391
1228.466797 409 1.750013 -0.510035
1228.326050 410 1.748173 -0.509942
1227.517212 411 1.745993 -0.508247
1227.768555 412 1.744353 -0.509099
1226.957153 413 1.742176 -0.507403
1226.726440 414 1.740293 -0.507102
1226.751099 415 1.738539 -0.507414
1225.641602 416 1.736220 -0.505014
1225.878540 417 1.734572 -0.505837
1225.076050 418 1.732410 -0.504177
1224.878418 419 1.730548 -0.503965
1224.694458 420 1.728694 -0.503787
1223.579712 421 1.726385 -0.501390
1223.949585 422 1.724803 -0.502538
1223.203003 423 1.722677 -0.501024
1222.910156 424 1.720774 -0.500595
1222.869873 425 1.718993 -0.500770
1221.610474 426 1.716627 -0.498044
1222.009521 427 1.715058 -0.499267
1221.395142 428 1.713004 -0.498081
1220.946777 429 1.711032 -0.497292
1220.850220 430 1.709227 -0.497341
1219.857666 431 1.707000 -0.495265
1219.848511 432 1.705237 -0.495525
1219.028442 433 1.703096 -0.493864
1218.673340 434 1.701173 -0.493308
1218.782959 435 1.699467 -0.493855
1217.593384 436 1.697160 -0.491327
1217.801514 437 1.695500 -0.492110
1217.338013 438 1.693531 -0.491306
1216.524902 439 1.691404 -0.489677
1216.549805 440 1.689661 -0.490032
1215.954956 441 1.687636 -0.488924
1215.297729 442 1.685584 -0.487672
1214.746094 443 1.683582 -0.486671
1214.140015 444 1.681557 -0.485546
1214.488281 445 1.679961 -0.486669
1213.711792 446 1.677861 -0.485146
1213.262329 447 1.675909 -0.484395
1212.788086 448 1.673948 -0.483588
1212.166748 449 1.671922 -0.482438
1212.047485 450 1.670119 -0.482470
1211.628906 451 1.668185 -0.481800
1211.036621 452 1.666176 -0.480726
1210.768433 453 1.664310 -0.480413
1210.292603 454 1.662353 -0.479616
1209.711670 455 1.660353 -0.478575
1209.371460 456 1.658458 -0.478100
1208.788818 457 1.656459 -0.477059
1208.349487 458 1.654523 -0.476357
1208.071289 459 1.652657 -0.476033
1207.478516 460 1.650658 -0.474976
1206.857300 461 1.648648 -0.473855
1206.505005 462 1.646753 -0.473364
1205.853760 463 1.644732 -0.472179
1205.520752 464 1.642847 -0.471737
1205.113159 465 1.640931 -0.471124
1204.639038 466 1.638989 -0.470358
1204.280151 467 1.637095 -0.469862
1203.568115 468 1.635055 -0.468547
1203.349854 469 1.633221 -0.468382
1202.789551 470 1.631247 -0.467425
1202.230957 471 1.629274 -0.466473
1201.890503 472 1.627392 -0.466031
1201.299072 473 1.625408 -0.465008
1200.778931 474 1.623454 -0.464153
1200.357666 475 1.621542 -0.463529
1199.734497 476 1.619548 -0.462441
1199.402710 477 1.617673 -0.462028
1198.848022 478 1.615709 -0.461102
1198.452026 479 1.613810 -0.460546
1198.020386 480 1.611897 -0.459909
1197.442993 481 1.609927 -0.458937
1196.929810 482 1.607983 -0.458117
1196.431274 483 1.606047 -0.457332
1196.058350 484 1.604160 -0.456839
1195.515015 485 1.602207 -0.455955
1195.120850 486 1.600314 -0.455417
1194.423340 487 1.598302 -0.454183
1193.996216 488 1.596398 -0.453574
1193.551636 489 1.594487 -0.452927
1192.968506 490 1.592523 -0.451963
1192.381226 491 1.590559 -0.450992
1192.117676 492 1.588720 -0.450767
1191.266602 493 1.586656 -0.449196
1190.774658 494 1.584731 -0.448451
1190.355469 495 1.582834 -0.447875
1189.797852 496 1.580886 -0.446984
1189.317017 497 1.578967 -0.446271
1188.616333 498 1.576966 -0.445058
1188.338501 499 1.575126 -0.444813
1187.689697 500 1.573146 -0.443723
1187.105835 501 1.571192 -0.442784
1186.623535 502 1.569276 -0.442079
1186.086304 503 1.567341 -0.441250
1185.661865 504 1.565449 -0.440681
1184.947876 505 1.563449 -0.439455
1184.557983 506 1.561571 -0.438969
1183.985962 507 1.559626 -0.438071
1183.391357 508 1.557673 -0.437123
1182.822144 509 1.555731 -0.436236
1182.263550 510 1.553793 -0.435375
1181.813232 511 1.551895 -0.434762
1181.160645 512 1.549925 -0.433693
1180.647949 513 1.548006 -0.432943
1180.075928 514 1.546066 -0.432061
1179.483643 515 1.544120 -0.431135
1178.998291 516 1.542213 -0.430454
1178.400269 517 1.540266 -0.429520
1177.859863 518 1.538340 -0.428719
1177.320801 519 1.536415 -0.427923
1176.845947 520 1.534514 -0.427274
1176.088623 521 1.532514 -0.425990
1176.177979 522 1.530813 -0.426618
1173.745850 523 1.528223 -0.421567
1173.912720 524 1.526551 -0.422372
1173.809570 525 1.524784 -0.422571
1173.128052 526 1.522814 -0.421471
1172.637817 527 1.520911 -0.420803
1172.129028 528 1.519003 -0.420095
1171.369263 529 1.517008 -0.418827
1170.981445 530 1.515143 -0.418395
1170.301147 531 1.513177 -0.417310
1169.830933 532 1.511284 -0.416698
1169.120117 533 1.509308 -0.415549
1168.553467 534 1.507383 -0.414725
1167.892822 535 1.505427 -0.413694
1167.309937 536 1.503497 -0.412839
1166.819214 537 1.501600 -0.412192
1166.012329 538 1.499595 -0.410841
1165.661865 539 1.497746 -0.410512
