2025-09-15T04:13:22.2949
93
63
19.9232720406369
99.16377 51.21583
98.65861 51.23863
-00:18:55.41 40:48:32.85
-00:22:49.91 40:46:29.93
-00:17:31.06 40:49:17.01
-00:23:08.58 40:46:20.13
142.179372812631
135.45384318875
154.108714780636
139.276372336043
92.7478281601871
81.2369258657345
96.8972713393896
80.3224605237738
13.3548213992297
19.2282498623993
0.2000
66.7740910759645
69.7584951501689
90.7284508645345 ANT1
33.2349026042585 SPE
61.9623507596685 DSX
74.94 1.55146714811605 
74.10 0.000175431771367585
99.08 0.0298209999999983
51.39 0.0335579999999993
133.95 0.0503634967822677
2.69 0.00199372750026194
-1.06 0.00163399170150491
1.88 0.00140273893887821
0.93 0.000327854848887643
25.66 9.72607392561997e-05
152.71 0.0652338462570867
172.103859
68.34 1.5652779429544 
65.83 1.5877344233602
99.15 0.0295054999999991
51.39 0.0343815000000021
130.68 0.815200137607661
1.92 0.137201056727505
13.88 17.8103845004183
1.10 0.133508699147385
0.91 0.00756314124409307
25.64 0.00599905507720422
145.10 2.4880683437957
172.590996
