2025-09-01T21:20:17.5718
66
55
22.3997929257662
284.72317 77.13457
284.99945 77.09825
01:31:18.51 41:02:38.86
01:32:00.26 40:58:05.70
01:31:20.02 41:02:28.99
01:32:01.41 40:57:58.21
104.388587940153
99.7344375159684
125.194608638331
121.128056204547
85.4820100796987
74.132197672855
85.0710725951212
73.8216690391673
14.2346925563667
14.1092139810504
0.4000
35.5867229063809
36.7337325181056
87.0735695930387 ANT1
63.6176864919802 AUR
36.79 0.766665743692403 
35.05 0.000235705410730702
280.40 0.187147999999979
77.78 0.0258275000000054
56.69 0.0249191691642068
1.94 0.00165036873477065
12.62 0.261155703912335
0.92 0.0016560210163582
1.01 2.45405524419429e-05
25.66 0.000144726780007431
177.68 0.0715031948876117
159.204402
36.38 0.79536111565538 
33.78 0.837867735190443
280.24 0.296431000000041
77.85 0.0581159999999983
55.44 0.870772430062893
1.85 0.0554244925624749
6.97 2.34295280850202
0.84 0.0549144457136695
1.01 4.3033256905689e-05
25.66 0.000432445616251442
177.71 0.174675457402344
159.688282
