697 926.017883 4.665975 0.132964
698 926.577576 4.665858 0.130836
699 927.223145 4.665585 0.128596
700 927.642639 4.665711 0.126644
701 928.057678 4.665842 0.124696
702 928.910583 4.665193 0.122189
703 929.536987 4.664943 0.119970
704 930.141174 4.664729 0.117777
705 930.643250 4.664694 0.115714
706 931.158142 4.664633 0.113633
707 931.655151 4.664601 0.111574
708 932.268921 4.664359 0.109365
709 932.814819 4.664234 0.107241
710 933.347534 4.664130 0.105133
711 933.943237 4.663910 0.102943
712 934.538879 4.663688 0.100752
713 935.061157 4.663594 0.098653
714 935.599365 4.663468 0.096533
715 936.100342 4.663406 0.094460
716 936.992554 4.662642 0.091885
717 937.238342 4.663029 0.090135
718 937.885864 4.662696 0.087870
719 938.459106 4.662493 0.085699
720 938.967896 4.662402 0.083610
721 939.504883 4.662258 0.081483
722 939.990112 4.662203 0.079420
723 940.453979 4.662183 0.077384
724 941.137207 4.661768 0.075066
725 941.630737 4.661689 0.072990
726 941.944824 4.661930 0.071141
727 942.370972 4.661967 0.069148
728 942.136902 4.663186 0.067997
729 944.053833 4.660539 0.064097
730 944.361328 4.660780 0.062252
731 944.916260 4.660573 0.060089
732 945.272400 4.660721 0.058179
733 945.829895 4.660503 0.056011
734 946.314331 4.660414 0.053934
735 946.934692 4.660077 0.051683
736 947.406982 4.660004 0.049619
737 947.971436 4.659761 0.047436
738 948.432800 4.659702 0.045384
739 949.098145 4.659271 0.043069
740 949.550354 4.659222 0.041026
741 950.111511 4.658973 0.038842
742 950.604736 4.658843 0.036744
743 950.989563 4.658907 0.034783
744 951.432739 4.658863 0.032746
745 951.626770 4.659267 0.031027
746 952.075195 4.659207 0.028981
747 952.976196 4.658323 0.026353
748 953.111450 4.658826 0.024706
