2025-09-23T04:21:51.7869
97
66
112.804672761541
354.62522 30.00669
354.30334 29.86408
02:52:48.33 39:57:14.17
03:12:05.82 39:52:46.83
03:18:49.91 39:51:12.61
03:39:24.78 39:46:21.81
94.2785790723334
83.622679924539
233.66969911269
253.209856297711
87.5578986928695
71.6995117323631
66.2042652920454
49.5422632700411
33.1082077922546
35.1889702221259
1.4500
22.8332460024004
22.7171782608275
141.024847096905 DSX
34.146308446253 STA
23.30 0.0818175625406 
20.44 2.23132314154384e-05
350.11 0.00640599999996994
27.13 0.00538750000000121
18.78 0.00306838738297799
1.05 0.000155139352900235
1.76 0.000548458919876982
0.64 7.68557450221419e-05
0.64 6.94264223918273e-05
23.52 0.00110758563678104
265.71 0.013463328193609
179.919640
22.92 0.0818175625406 
19.90 0.0938553230670038
349.91 0.0422695000000317
27.02 0.027037
18.16 0.0952323215708937
1.06 0.000214344377907683
1.74 0.0100287897817495
0.62 0.00280973696609266
0.65 0.00121962152497956
23.57 0.0200753301134924
264.68 0.0427523783827155
180.408911
