1637.37636058069 4635.86720453378 4049.6595723625 0.103425962263605 0.498286232397172 0.86082164292801
1637.3594579291 4635.87317447215 4049.6595723625 0.0939158050676471 0.503071495247077 0.859126819642109
1637.34255525574 4635.87914434889 4049.6595723625 0.0838480641233447 0.507040864787765 0.857833937063604
1637.32565256062 4635.88511416399 4049.6595723625 0.0736230143500725 0.509820069869708 0.857124931451684
1637.30874984373 4635.89108391747 4049.6595723625 0.0637475129165217 0.514496997480856 0.855119344992348
1637.29184710507 4635.89705360933 4049.6595723625 0.0529292650271216 0.518375846117392 0.853513312764228
1637.27494434465 4635.90302323955 4049.6595723625 0.0424783308416748 0.521322037782105 0.852302132070324
1637.25804156709 4635.90899280651 4049.6595723625 0.0321172057609965 0.526201438659503 0.849753217732522
1637.24113876314 4635.91496231347 4049.6595723625 0.0207663226282367 0.529288111499937 0.848187983214411
1637.22423593742 4635.92093175881 4049.6595723625 0.0101477107055061 0.533090478080301 0.845997379515773
1637.20733308994 4635.92690114252 4049.6595723625 -0.00113731239838367 0.53731048191036 0.843383751651504
1637.19043022069 4635.9328704646 4049.6595723625 -0.0122362300210873 0.540194031481248 0.841451533379616
1637.17352732968 4635.93883972505 4049.6595723625 -0.0229944051253665 0.544274848077772 0.838591764258897
1637.1566244169 4635.94480892387 4049.6595723625 -0.0348731789266395 0.547445638672702 0.836114306832378
1637.13972148236 4635.95077806107 4049.6595723625 -0.045749813416585 0.551092362725373 0.833189151584509
1637.12281852606 4635.95674713663 4049.6595723625 -0.0582598011018379 0.554513447664818 0.830132900163854
1637.10591554799 4635.96271615056 4049.6595723625 -0.0689392321004995 0.557846113422719 0.82707623349759
1637.08901254816 4635.96868510287 4049.6595723625 -0.0807591751898124 0.561178457249602 0.823745527903865
1637.07210952657 4635.97465399355 4049.6595723625 -0.0928039631201341 0.564475572318298 0.820216284089219
1637.05520648321 4635.98062282259 4049.6595723625 -0.104441115422113 0.567595663203269 0.81665611889107
1637.03830341809 4635.98659159001 4049.6595723625 -0.11611486703932 0.570624054419921 0.812960962266831
1637.02140033585 4635.99256029416 4049.6595723625 -0.128318889712932 0.573731022059614 0.808929525279719
1637.00449722721 4635.99852893832 4049.6595723625 -0.140061262148356 0.576433992235456 0.805050740910722
1636.9875940968 4636.00449752085 4049.6595723625 -0.152930963453152 0.5798065088204 0.800272786458961
1636.97069094463 4636.01046604175 4049.6595723625 -0.163873211261742 0.581856040736439 0.796611020818367
1636.9537877707 4636.01643450101 4049.6595723625 -0.176427848841046 0.585238353323981 0.791434952445213
1636.93688457501 4636.02240289865 4049.6595723625 -0.187965853941619 0.587219862088802 0.787300242169661
1636.91998135756 4636.02837123466 4049.6595723625 -0.200962467200454 0.590109088377503 0.781911344457272
1636.90307811835 4636.03433950904 4049.6595723625 -0.213321395133388 0.592570414808697 0.776758833790639
1636.88617485738 4636.04030772179 4049.6595723625 -0.224604326158123 0.594199489056091 0.772321088587212
