1041.414795 145 1.861778 -0.424540
1041.651733 144 1.863988 -0.426166
1041.516846 143 1.866282 -0.426921
1041.489624 142 1.868554 -0.427932
1041.415894 141 1.870838 -0.428835
1041.507568 140 1.873089 -0.430129
1041.235840 139 1.875418 -0.430572
1040.785889 138 1.877786 -0.430600
1040.904419 137 1.880037 -0.431964
1040.791260 136 1.882338 -0.432786
1040.407593 135 1.884696 -0.432978
1040.503784 134 1.886957 -0.434295
1040.210083 133 1.889300 -0.434703
1040.393677 132 1.891549 -0.436229
1040.119019 131 1.893890 -0.436686
1040.268433 130 1.896151 -0.438137
1039.961060 129 1.898502 -0.438522
1039.533081 128 1.900878 -0.438627
1039.550293 127 1.903170 -0.439776
1039.303467 126 1.905514 -0.440310
1039.440918 125 1.907788 -0.441744
1039.151733 124 1.910144 -0.442184
1039.505981 123 1.912383 -0.444129
1039.527344 122 1.914686 -0.445298
1038.750610 121 1.917135 -0.444608
1038.047607 120 1.919571 -0.444094
1038.017090 119 1.921888 -0.445150
1038.342163 118 1.924145 -0.447037
1038.161743 117 1.926493 -0.447748
1037.930420 116 1.928852 -0.448344
1037.697144 115 1.931213 -0.448937
1037.558228 114 1.933560 -0.449752
1037.460938 113 1.935901 -0.450667
1037.340210 112 1.938249 -0.451530
1037.330566 111 1.940581 -0.452653
1037.331177 110 1.942914 -0.453802
1037.149536 109 1.945279 -0.454531
1036.873169 108 1.947661 -0.455041
1036.926880 107 1.949992 -0.456321
1036.291260 106 1.952433 -0.456003
1035.510376 105 1.954898 -0.455352
1035.538330 104 1.957239 -0.456580
1035.578003 103 1.959582 -0.457837
1035.554932 102 1.961936 -0.458950
1035.552002 101 1.964291 -0.460113
1035.127686 100 1.966709 -0.460303
1034.891235 99 1.969102 -0.460930
1034.953369 98 1.971454 -0.462250
1034.727051 97 1.973850 -0.462906
1034.580200 96 1.976237 -0.463748
1034.265015 95 1.978649 -0.464204
1034.103271 94 1.981042 -0.465016
1034.121826 93 1.983414 -0.466248
1034.455322 92 1.985750 -0.468210
1034.695312 91 1.988102 -0.469959
