2025-09-18T23:36:25.4808
20
55
81.7756068599465
11.59599 5.54182
11.26373 5.40157
01:59:39.89 41:46:54.39
01:58:52.46 41:48:01.13
02:00:05.77 41:46:17.96
01:58:15.84 41:48:52.63
140.9469531599
137.862286801514
102.287174342471
98.6101280235464
89.7683527211648
86.8727519151234
91.3505271879867
84.6403614915071
3.73867474264391
8.66416824767139
0.1000
37.3866939443444
37.2331422460846
53.657100939574 SPE
131.50971380774 DSX
40.03 1.74876124798382 
38.43 0.000116524808504437
11.37 0.0318895000000001
4.78 0.00421699999999969
0.19 0.0335880362245712
0.40 0.000827475725765525
39.84 2.08247497236053
0.99 0.000253229509256436
0.20 0.000389397972411443
-225.96 19.7157768856229
127.30 0.0707274224662626
355.816818
39.14 1.74876124798382 
35.67 1.83296554538605
11.41 0.0152745000000003
4.66 0.0908480000000003
0.40 0.12980033043181
0.45 0.0237435714529242
9.05 5.68310561635269
0.96 0.0290172659999831
0.23 0.0155122380230727
-5.53 25.1844233292717
125.48 0.504252524449484
356.304957
