364 628.122620 5.621494 0.940217
363 628.264893 5.618667 0.941221
362 628.444702 5.615746 0.942172
361 628.562866 5.612953 0.943199
360 628.773804 5.609944 0.944100
359 628.829956 5.607268 0.945200
358 628.974304 5.604387 0.946180
357 629.101257 5.601535 0.947179
356 629.222656 5.598685 0.948181
355 629.491760 5.595500 0.948983
354 629.520874 5.592833 0.950098
353 629.608826 5.590027 0.951132
352 629.736694 5.587123 0.952108
351 629.915405 5.584098 0.953011
350 630.127808 5.580990 0.953865
349 630.249939 5.578069 0.954835
348 630.317810 5.575256 0.955874
347 630.401978 5.572397 0.956886
346 630.514282 5.569467 0.957857
345 630.615662 5.566551 0.958837
344 630.790588 5.563465 0.959714
343 630.903198 5.560505 0.960670
342 631.046509 5.557468 0.961580
341 631.197266 5.554405 0.962475
340 631.340820 5.551347 0.963375
339 631.445129 5.548364 0.964324
338 631.505371 5.545465 0.965329
337 631.526306 5.542640 0.966384
336 631.736023 5.539401 0.967174
335 631.811523 5.536438 0.968144
334 631.985840 5.533255 0.968973
333 632.103760 5.530181 0.969875
332 632.377441 5.526768 0.970556
331 632.351379 5.523979 0.971648
330 632.459045 5.520897 0.972550
329 632.663879 5.517600 0.973311
328 632.777161 5.514486 0.974195
327 632.840332 5.511467 0.975144
326 632.887573 5.508471 0.976111
325 632.914917 5.505506 0.977101
324 633.112732 5.502174 0.977846
