2025-09-15T22:31:52.3476
20
65
42.0470426982751
283.01742 56.80746
282.90121 56.77522
01:20:57.39 42:22:43.06
01:24:57.28 42:20:00.47
01:22:01.78 42:21:59.45
01:25:44.55 42:19:28.38
104.133064119492
97.0925205660935
108.802866144908
98.11865641102
80.66483630125
70.096555240998
77.8251758798933
68.01737560725
12.9750042012342
12.0436709359651
0.6000
21.6250104392598
22.11331412567
84.0034109697201 ANT1
74.4930621108375 SPE
115.914101471076 DSX
22.80 0.316018406173441 
19.86 8.47440551190459e-05
277.40 0.0250450000000342
56.13 0.0163374999999988
30.63 0.00590545810560172
1.67 0.00045630036194777
3.01 0.00393725855952631
0.67 0.000430763741277596
1.00 1.83599989578287e-05
20.51 0.0102787821876191
188.64 0.0180226838468514
172.846986
21.94 0.316018406173441 
18.50 0.369303925698524
276.80 0.202072999999928
56.11 0.0237195000000057
29.02 0.449822699184761
1.60 0.0188449064963778
2.49 0.116674905199021
0.60 0.019008349714718
1.00 0.000132907546888772
21.80 0.275901339139967
188.45 0.0537126475246623
173.334321
