4260.40245902232 -2091.83130946627 4247.55149647418 0.50217546442867 0.292910483297759 0.813648112945715
4260.41008593019 -2091.81577578216 4247.55149647418 0.504583343001331 0.302591164655628 0.80860017130715
4260.41771278352 -2091.80024206598 4247.55149647418 0.505821423085585 0.307413280827524 0.806003574879499
4260.4253395802 -2091.78470832199 4247.55149647418 0.50749581553406 0.315683440516704 0.801743077674485
4260.43296632026 -2091.76917455019 4247.55149647418 0.509445458554298 0.323451380510628 0.7973986012053
4260.44059300367 -2091.75364075059 4247.55149647418 0.510920762941837 0.331642827242852 0.793078186015287
4260.44821963045 -2091.73810692318 4247.55149647418 0.512586414863796 0.339025700024252 0.788870548328524
4260.45584620059 -2091.72257306796 4247.55149647418 0.514662313537572 0.347232521545172 0.783933848615771
4260.46347271409 -2091.70703918493 4247.55149647418 0.516061900331067 0.354534719740469 0.779734087702491
4260.47109917095 -2091.6915052741 4247.55149647418 0.518388510265866 0.364908695785995 0.773378947324079
4260.47872557118 -2091.67597133546 4247.55149647418 0.518975321123349 0.370461983410412 0.770339233657835
4260.48635191477 -2091.66043736902 4247.55149647418 0.520358302324739 0.376866791136502 0.766288887391819
4260.49397820172 -2091.64490337477 4247.55149647418 0.522424893450937 0.385281912145583 0.760677381598941
