860 166.928497 5.018431 1.444511
861 166.944717 5.018940 1.446367
862 166.910187 5.018660 1.448237
863 167.031052 5.020823 1.450064
864 165.515625 4.996618 1.452322
865 166.437500 5.011647 1.453951
866 167.565765 5.030494 1.455495
867 167.458664 5.029095 1.457390
868 167.471115 5.029682 1.459251
869 167.652557 5.033215 1.461061
870 167.688904 5.034288 1.462915
871 167.736557 5.035588 1.464766
872 167.768799 5.036639 1.466623
873 167.426361 5.030730 1.468594
874 167.438461 5.031320 1.470458
875 169.303574 5.067554 1.471707
876 168.112244 5.045305 1.473986
877 168.578949 5.055250 1.475700
878 167.307144 5.030071 1.477975
879 168.221100 5.049456 1.479560
880 168.271606 5.051224 1.481415
881 168.582825 5.058694 1.483181
882 167.652557 5.038960 1.485359
883 167.100006 5.026824 1.487398
884 169.199997 5.075644 1.488574
885 169.105270 5.074709 1.490483
886 170.459457 5.108333 1.491807
887 169.030029 5.075463 1.494259
888 169.352524 5.084922 1.496010
