2025-09-19T03:56:27.5472
74
93
55.1904577015211
60.67483 20.61161
60.29840 20.54149
-03:53:16.31 41:45:29.20
-03:55:05.51 41:49:37.17
-03:54:35.90 41:48:29.99
-03:55:25.86 41:50:23.32
173.386172979323
157.106323704935
265.680875540802
263.890217797601
101.609601347168
81.2200380648937
86.7301408627318
77.4400006938076
21.9666516922579
10.0110382429005
0.2500
87.8666067690315
84.5589907973508
20.3697156395244 SPE
84.1035157735347 DSX
101.11 0.804458291813255 
100.49 0.000137476054106855
60.45 0.0248825000000039
20.56 0.012319999999999
179.83 0.0266370163605814
4.45 0.00248671765609032
-0.23 6.830348861811e-05
4.47 0.00056829541387593
0.81 0.000370165978886061
25.75 2.85966434958596e-05
39.95 0.0407136628636309
355.993181
88.67 0.804458291813255 
87.15 0.811060526179304
60.46 0.0244725000000017
20.53 0.0137685000000012
179.78 0.0313218738593832
2.84 0.0860412991506241
-0.44 0.0214475342715522
2.73 0.0925556620311077
0.76 0.00417635080734202
25.77 0.00123003137089128
48.02 0.669207295501302
356.481368
