2025-09-05T04:15:03.7731
66
26
11.3265199011246
121.81016 32.06698
121.40506 32.14233
03:08:29.19 41:59:11.21
02:52:25.64 41:56:04.31
03:19:33.06 42:01:18.51
02:52:37.76 41:56:06.68
151.967539954434
124.284119979875
237.846117268154
192.77792762794
88.5838202874857
72.6997671526551
99.6071784623873
72.8986594717553
28.1354654267413
47.2217052109401
0.4500
62.5232498786676
63.3659533533301
120.779371013824 ANT1
21.6876092915122 AUR
61.8131612150192 SPE
64.32 1.82162641999293 
63.34 2.69217149764245e-05
122.15 0.00703850000000728
31.98 0.00827699999999965
138.43 0.0186385659769428
0.42 0.000375246513797944
-1.78 0.0010055047515396
1.11 6.28281419194909e-05
0.20 0.000174431324527685
25.59 1.42966892333618e-05
58.30 0.0236638647396816
162.388600
64.34 1.82162641999293 
61.51 1.85153766376281
122.18 0.0288099999999929
31.97 0.0141289999999969
137.25 1.94058297669639
0.38 0.0509326768190382
-3.41 1.55255139739286
1.07 0.0387643697834892
0.18 0.0211531978542168
25.59 0.00107115351909215
54.20 4.82386824583477
162.873246
