2025-09-18T23:36:25.6923
66
55
30.4226298399219
11.23891 6.15012
10.90643 6.00970
01:59:31.48 41:47:24.53
01:58:46.85 41:48:27.83
02:00:28.99 41:46:02.91
01:58:42.66 41:48:33.78
94.1500128102858
92.0887372373926
100.560620837365
96.831328110396
86.1548163895204
83.3467107201486
89.7803751675656
83.0827838367268
3.59079629647822
8.56296627985506
0.1000
35.9079972093169
27.3891737489262
53.4469522119281 SPE
131.809759543623 DSX
40.77 19.3447824512418 
39.21 0.00123456578533165
10.75 0.4161465
5.44 0.0216654999999992
1.58 0.360178937907035
0.40 0.0107416452458108
-27.69 10.9042254664426
1.01 0.00355420392785732
0.20 0.00499672212794056
25.81 6.64850453162558e-05
306.74 0.908659327210898
175.816818
55.25 19.3447824512418 
33.16 20.9473838526773
11.54 0.508940000000001
3.15 2.622547
2.74 0.776115538025935
0.52 0.277431048641265
0.12 0.855102900494091
0.79 0.366814172807049
0.34 0.224663746663809
25.37 0.420805514398943
215.00 95.9590474732224
356.304957
