2025-09-23T04:21:52.2545
55
63
104.010886342444
354.86437 29.58963
354.54203 29.44697
02:58:11.41 39:55:30.85
03:45:56.50 39:44:41.52
03:20:20.56 39:50:32.48
03:39:48.82 39:46:06.14
203.057588381196
234.219677952705
328.088375442137
352.603870594977
82.1735027321693
43.5400482176337
64.1188395304653
48.438713243344
81.4624724609874
33.1784784285924
3.8052
21.4081967626783
22.2903782258389
141.172160017586 DSX
33.7187275522121 STA
24.73 0.0346238140291694 
22.05 3.66651466308099e-05
350.86 0.00810350000000426
26.99 0.00879550000000151
20.07 0.00546702371592289
1.05 0.000212141565776758
1.97 0.00101602057917849
0.68 0.000121237799617591
0.62 9.53019835975288e-05
23.08 0.00216003388712593
266.32 0.0170714413260953
179.919640
21.44 0.0346238140291694 
18.25 0.0406100647266143
349.43 0.0273349999999937
26.12 0.0208665000000003
16.27 0.0443682798134404
1.06 0.000289762119402903
1.59 0.00358670496904123
0.58 0.00126288045639622
0.67 0.000646744469053551
23.86 0.00690830585297775
264.25 0.0396108224935574
180.408911
