1625.60546267634 4497.88662568079 4205.9185065132 0.0659135598212917 0.914414726393376 -0.399375901609764
1625.58906311002 4497.89255270269 4205.9185065132 0.0608856312659226 0.913777856540505 -0.401625408560752
1625.57266352659 4497.89847966318 4205.9185065132 0.0559328203035833 0.912998148357001 -0.404111247937464
1625.55626391705 4497.90440656549 4205.9185065132 0.0509194708669228 0.912369130027704 -0.406189337697487
1625.5398642859 4497.91033340802 4205.9185065132 0.0458714996781696 0.911673262239254 -0.408347484913661
1625.52346463314 4497.91626019075 4205.9185065132 0.0415412906667621 0.910995344592773 -0.410319148103077
1625.50706495877 4497.92218691368 4205.9185065132 0.0349811610723856 0.909895500535693 -0.413360008315909
1625.49066526279 4497.92811357682 4205.9185065132 0.0311757005644606 0.909210622872832 -0.415167579357435
1625.47426554521 4497.93404018017 4205.9185065132 0.0263585784773881 0.908432042931932 -0.417200729523772
1625.45786580601 4497.93996672372 4205.9185065132 0.0213532165459209 0.90754042286141 -0.419421531416398
1625.44146604521 4497.94589320748 4205.9185065132 0.0166106603873767 0.906726334624898 -0.421392263881521
1625.4250662628 4497.95181963144 4205.9185065132 0.011890143199842 0.90577207816117 -0.423598355660505
1625.40866645878 4497.95774599561 4205.9185065132 0.00697094559223051 0.904908734770204 -0.425548572614383
1625.39226663315 4497.96367229999 4205.9185065132 0.00208295332812584 0.903929792408097 -0.427675802100713
1625.37586678591 4497.96959854457 4205.9185065132 -0.00264628415117355 0.902958600223935 -0.429719400844113
1625.35946692157 4497.97552472773 4205.9185065132 -0.00731822168962756 0.902052992051348 -0.431563255111591
1625.34306703112 4497.98145085272 4205.9185065132 -0.0121780155481187 0.901040959759137 -0.433563011307058
1625.32666711906 4497.98737691791 4205.9185065132 -0.0169277881029902 0.899845069044309 -0.435881063716449
1625.3102671854 4497.99330292331 4205.9185065132 -0.0216757215063706 0.89887246906577 -0.437673905382516
1625.29386723013 4497.99922886892 4205.9185065132 -0.026413119057012 0.897728794544541 -0.4397560216612
1625.27746725326 4498.00515475473 4205.9185065132 -0.0311496870614189 0.896583720832804 -0.441777464945396
1625.26106725478 4498.01108058074 4205.9185065132 -0.0357308213238614 0.895603129373332 -0.443416669808677
1625.24466723469 4498.01700634696 4205.9185065132 -0.0403952049242684 0.89448414309243 -0.44527109178042
1625.228267193 4498.02293205338 4205.9185065132 -0.0450019083954536 0.893298670874424 -0.447205000927712
1625.2118671297 4498.02885770001 4205.9185065132 -0.04957074482152 0.892174048957624 -0.448963481392862
1625.19546704479 4498.03478328684 4205.9185065132 -0.0542243337810207 0.890914761112703 -0.450921955617045
1625.17906693829 4498.04070881388 4205.9185065132 -0.0588435867466699 0.889670618602105 -0.452795343057916
1625.16266681017 4498.04663428112 4205.9185065132 -0.0632300172246634 0.888518291786963 -0.454463651001645
1625.14626666046 4498.05255968856 4205.9185065132 -0.0677426532039429 0.887340447672808 -0.45611167805781
1625.12986649363 4498.05848503459 4205.9185065132 -0.0723707298612601 0.886053801802622 -0.457898610797705
1625.11336789655 4498.06444587504 4205.9185065132 -0.0768319588644049 0.884722476510147 -0.45974230787998
1625.09696768189 4498.07037110274 4205.9185065132 -0.0811967942206568 0.883387962557795 -0.461554751049402
1625.08056744563 4498.07629627064 4205.9185065132 -0.085826935795427 0.881856975515632 -0.463639959264072
1625.06416718776 4498.08222137875 4205.9185065132 -0.0899895961918223 0.880748385197311 -0.464956078086482
1625.04776691279 4498.08814642543 4205.9185065132 -0.0947721612466333 0.879103835695577 -0.467113137813493
1625.03136661172 4498.09407141395 4205.9185065132 -0.0984123999005547 0.878328870040639 -0.467817694833091
1625.01496628904 4498.09999634266 4205.9185065132 -0.103393650758055 0.876580272674982 -0.470017849171683
1624.99856594477 4498.10592121158 4205.9185065132 -0.107658305855693 0.874755367369009 -0.472453951660257
1624.98216557889 4498.11184602071 4205.9185065132 -0.111799690558024 0.873289936715025 -0.47419986885637
1624.9657651914 4498.11777077003 4205.9185065132 -0.115743901676096 0.872145652046589 -0.475358086962895
1624.94936478232 4498.12369545956 4205.9185065132 -0.120506127521051 0.87025838029961 -0.477628123908317
1624.93296435163 4498.12962008929 4205.9185065132 -0.124354832179265 0.869132787080844 -0.478689956166568
1624.91656389935 4498.13554465923 4205.9185065132 -0.128549070478809 0.867572661085882 -0.480409007217179
1624.90016342546 4498.14146916937 4205.9185065132 -0.132638240485246 0.866174755881406 -0.481817796926146
1624.88376292997 4498.14739361971 4205.9185065132 -0.136854199939115 0.864779583116196 -0.483143043605518
1624.86736241288 4498.15331801025 4205.9185065132 -0.140769846507529 0.863375790817075 -0.484526670210461
1624.85096187419 4498.159242341 4205.9185065132 -0.145062954192596 0.861755840023874 -0.48614155500807
1624.8345613139 4498.16516661195 4205.9185065132 -0.148921308427158 0.860334151837672 -0.487491118973563
1624.8181607365 4498.17109082148 4205.9185065132 -0.152939263798329 0.85871838657296 -0.489093359339868
1624.80176013301 4498.17701497283 4205.9185065132 -0.156643502369939 0.857896735523016 -0.489362855501141
1624.78535950792 4498.18293906439 4205.9185065132 -0.160793315245314 0.856530016093484 -0.490409870723782
1624.76895886123 4498.18886309615 4205.9185065132 -0.16495938152636 0.854271735626689 -0.492958623168117
1624.75255819294 4498.19478706811 4205.9185065132 -0.168537142764682 0.852634415376351 -0.494580413304596
1624.73615750305 4498.20071098028 4205.9185065132 -0.172475727949369 0.851135038443637 -0.495803660335303
1624.71975679157 4498.20663483264 4205.9185065132 -0.176037113324878 0.849626828295392 -0.497136990549845
1624.70335605848 4498.21255862521 4205.9185065132 -0.179894709139627 0.847942508772776 -0.49862951721664
1624.6869553038 4498.21848235798 4205.9185065132 -0.183569722508035 0.846671965953954 -0.499448434821844
1624.67055452751 4498.22440603095 4205.9185065132 -0.187322994890095 0.845029341746164 -0.500834810265272
1624.65415372963 4498.23032964412 4205.9185065132 -0.191030226598588 0.84316195176931 -0.502578725787572
1624.63775291016 4498.2362531975 4205.9185065132 -0.194899948361613 0.841670142670846 -0.503592475187108
1624.61974478857 4498.24275718912 4205.9185065132 -0.198399607182789 0.840209261099134 -0.504664238313913
1624.60334392378 4498.24868061704 4205.9185065132 -0.201652485093936 0.839007039922538 -0.5053745761471
1624.58694303739 4498.25460398516 4205.9185065132 -0.205214724031683 0.837406768393106 -0.506593349038472
1624.57054212941 4498.26052729348 4205.9185065132 -0.208512895092302 0.836122946524982 -0.507366525181361
1624.55414119983 4498.266450542 4205.9185065132 -0.211881564300319 0.834683587647253 -0.508339956350039
1624.53774024865 4498.27237373072 4205.9185065132 -0.214956626803884 0.833406777400251 -0.509143193980264
1624.52133927588 4498.27829685965 4205.9185065132 -0.218036900179747 0.832130062475363 -0.509921042206296
1624.50493828151 4498.28421992877 4205.9185065132 -0.221253616671483 0.830931567420723 -0.510489536987321
1624.48853726555 4498.2901429381 4205.9185065132 -0.224193139147759 0.829656419569655 -0.511280414084026
1624.47213622799 4498.29606588763 4205.9185065132 -0.22720051904861 0.8284272950394 -0.511945447267329
1624.45573516884 4498.30198877736 4205.9185065132 -0.230121151836514 0.827240061688081 -0.512560372849615
1624.43933409258 4498.30791160566 4205.9185065132 -0.232978850501289 0.825829962045059 -0.513542334192376
1624.42293299024 4498.31383437579 4205.9185065132 -0.235773874263112 0.824659029417709 -0.514147999524266
1624.4065318663 4498.31975708612 4205.9185065132 -0.238563157568969 0.823320186685798 -0.515006300977363
1624.39013072076 4498.32567973665 4205.9185065132 -0.241137796691517 0.822065987700543 -0.515810115132198
1624.37372955364 4498.33160232738 4205.9185065132 -0.243868186302193 0.820730780263652 -0.516652004774487
1624.35732836491 4498.33752485832 4205.9185065132 -0.244770447686845 0.82044273641093 -0.516682827477096
