2025-09-05T21:20:37.2396
69
66
110.592213954714
290.96921 63.78956
290.91138 63.73840
02:18:51.13 41:57:58.07
02:19:29.79 41:56:30.15
02:19:03.03 41:57:31.00
02:19:37.07 41:56:13.57
98.9586235482618
91.9070207026084
106.027426214739
100.725780705143
84.2806904308409
77.8055493038692
82.2853997844013
76.5861512248839
7.09175474894619
6.24228600270648
0.2500
28.3670189957848
27.4697570169679
79.7659055536483 ANT1
76.5804664280858 AUR
63.321642085454 SPE
22.41 2.33540522159711 
19.42 0.000349208367154574
287.08 0.183709499999964
65.03 0.0430879999999974
33.58 0.0198641567065323
1.39 0.00183840344490838
1.65 0.00467514737565433
0.39 0.00162393341417166
1.00 0.00020628033064729
23.60 0.00933907490144392
196.24 0.159493154221252
163.079634
30.70 2.33540522159711 
26.05 2.54331982054828
288.04 0.43357850000001
64.47 0.158484999999999
41.57 2.8224908550057
1.73 0.146215057539869
5.62 3.17505188302203
0.74 0.147193802204524
1.00 0.000328015192717079
10.76 11.1322740087379
193.67 0.688431445212217
163.564450
