2025-09-15T04:13:21.9927
26
63
61.9209944865874
98.99811 49.97388
98.50047 49.99626
-00:15:29.94 40:49:16.75
-00:22:15.10 40:46:03.22
-00:17:37.14 40:48:16.07
-00:23:09.03 40:45:37.41
188.686722623251
187.741013915916
151.615708169568
137.624150691314
101.432096028576
81.9360845497849
95.2998055535299
79.3487885962995
22.5755942790851
18.4748840898375
0.3500
64.5017155155658
65.4705662110399
90.7157812501566 ANT1
33.1196495325641 SPE
61.2191815840764 DSX
65.50 0.368818167815683 
64.53 5.27911067678133e-05
98.99 0.0116505000000018
50.14 0.00722650000000158
131.84 0.0127275812012329
1.75 0.000387039084414287
23.76 0.182541142376031
0.96 0.00028964216893379
0.89 0.000165089518379125
25.63 4.67085269519885e-05
140.44 0.030880417576526
172.103859
64.87 0.368818167815683 
63.52 0.374494571100605
99.00 0.0116710000000069
50.14 0.00732899999999859
131.44 0.209532346489794
1.68 0.0301691116417886
7.73 1.81375258578464
0.88 0.0283768084832384
0.89 0.00268166399040337
25.63 0.00198924408741519
139.48 0.864646182852255
172.590996
