690 823.233337 2.784974 1.511782
691 823.917419 2.829367 1.513168
692 824.728577 2.881078 1.514283
693 825.437500 2.930612 1.515370
694 826.291382 2.987775 1.516107
695 827.176941 3.047529 1.516607
696 827.835876 3.099813 1.517285
697 828.792480 3.163854 1.517282
698 829.440674 3.217410 1.517639
699 830.442200 3.282555 1.517137
700 830.903931 3.330809 1.517534
701 831.973755 3.395884 1.516488
702 832.593750 3.447725 1.516229
703 833.262634 3.499977 1.515709
704 833.831482 3.549198 1.515275
705 834.814514 3.604373 1.513705
706 835.995178 3.659075 1.511481
707 836.348450 3.700405 1.511156
708 836.841492 3.742560 1.510374
709 837.943970 3.788169 1.507934
710 838.571411 3.827611 1.506588
711 839.193115 3.865327 1.505157
712 839.648010 3.900932 1.504065
713 840.701965 3.936026 1.501340
714 841.295105 3.968426 1.499724
715 841.906860 3.999303 1.497987
716 842.833313 4.028001 1.495369
717 844.000000 4.054007 1.492072
