2025-09-23T04:21:54.0963
63
44
102.736945884171
354.53490 30.15598
354.21320 30.01339
03:22:13.58 39:50:24.91
03:40:21.85 39:46:05.09
03:05:47.58 39:54:17.40
03:48:12.95 39:44:11.57
330.596050727361
353.447115304133
206.204086301933
235.508138212936
63.5007850796646
48.816584579653
76.9372938619745
42.5071783160429
31.0366412509929
72.6356333054987
1.4500
22.9451338388817
25.4336881779388
140.973561762157 DSX
34.3024169398805 STA
19.29 0.104335672483545 
15.72 2.50101304803962e-05
347.66 0.00644049999999652
25.84 0.00636150000000058
14.15 0.00277907436407432
1.07 0.000132227276943953
1.42 0.000293195131727986
0.50 6.1878792389114e-05
0.71 5.88571948380023e-05
24.18 0.000544170720331749
262.91 0.0143438436289216
179.919640
23.05 0.104335672483545 
20.03 0.119503148799705
349.84 0.0516235000000052
27.18 0.0333155000000005
18.37 0.121201173295191
1.06 0.000208385290368929
1.75 0.0129923056366195
0.63 0.00356678833535562
0.65 0.00151732366054602
23.54 0.0261167723079048
264.53 0.0492194934520285
180.408911
