440.527649 81 1.530992 -0.437964
440.191650 80 1.535195 -0.441264
439.737976 79 1.539805 -0.444220
438.982941 78 1.545450 -0.446288
438.513824 77 1.550121 -0.449215
437.694855 76 1.555992 -0.451114
437.098541 75 1.561106 -0.453682
436.437988 74 1.566444 -0.456071
435.838409 73 1.571579 -0.458648
434.916931 72 1.577816 -0.460291
434.282684 71 1.583077 -0.462786
433.622131 70 1.588433 -0.465214
432.928040 69 1.593908 -0.467554
432.274658 68 1.599250 -0.470020
431.637024 67 1.604543 -0.472542
430.697327 66 1.610867 -0.474201
430.000000 65 1.616373 -0.476569
429.375458 64 1.621636 -0.479155
428.624390 63 1.627334 -0.481387
427.679108 62 1.633697 -0.483076
427.027740 61 1.639067 -0.485611
426.151703 60 1.645204 -0.487517
425.650299 59 1.650077 -0.490491
425.048340 58 1.655297 -0.493187
424.812653 57 1.659284 -0.496916
423.579895 56 1.666649 -0.497855
421.675232 55 1.676289 -0.496944
421.174133 54 1.681189 -0.499953
420.331055 53 1.687250 -0.502020
419.523132 52 1.693198 -0.504192
418.886749 51 1.698572 -0.506842
418.196655 50 1.704133 -0.509349
417.355408 49 1.710210 -0.511449
416.492493 48 1.716364 -0.513497
415.902191 47 1.721606 -0.516290
414.888214 46 1.728279 -0.517942
413.920624 45 1.734801 -0.519729
413.064392 44 1.740953 -0.521821
412.308807 43 1.746771 -0.524186
411.441040 42 1.752971 -0.526257
410.552094 41 1.759246 -0.528276
409.676605 40 1.765481 -0.530336
408.786163 39 1.771770 -0.532359
408.027130 38 1.777621 -0.534729
407.341187 37 1.783232 -0.537288
406.198730 36 1.790377 -0.538666
405.014587 35 1.797665 -0.539946
403.974243 34 1.804473 -0.541601
403.098389 33 1.810732 -0.543678
402.379517 32 1.816467 -0.546152
401.288116 31 1.823452 -0.547683
400.230103 30 1.830327 -0.549301
399.529449 29 1.836006 -0.551811
399.125458 28 1.840694 -0.555052
399.373749 27 1.843205 -0.559895
