2025-09-18T23:36:25.9128
55
20
82.5983537228194
11.77675 5.04429
11.44470 4.90413
01:59:56.44 41:46:32.20
01:58:23.46 41:48:43.08
01:59:57.38 41:46:30.87
01:58:42.14 41:48:16.80
101.879211078676
98.8683565563257
142.029582764379
137.187092072042
90.6908598081563
85.1190116382058
90.7472902734207
86.2368925268256
7.24935772273447
5.86796796827
0.2000
36.2468231813367
39.3180620806791
53.9066522236749 SPE
131.369623682196 DSX
39.28 0.811177561718391 
37.65 7.96553417643509e-05
11.55 0.0194279999999996
4.24 0.00387300000000046
1.32 0.0227546855300875
0.41 0.00051411005780494
13.12 0.139463243214543
0.98 0.000148915114896009
0.21 0.000243591827130518
-21.69 0.757635227350288
126.98 0.0438117751257465
355.816818
37.06 0.811177561718391 
34.48 0.852844170326357
11.61 0.0120405000000012
4.09 0.0488309999999998
1.41 0.0332640677853209
0.46 0.011352813373436
4.05 0.806519227542196
0.94 0.0141500719357548
0.24 0.00758982593296109
17.56 2.43154515712803
125.08 0.240563745723421
356.304957
