2025-09-05T21:20:37.3594
26
55
116.382172073706
285.02468 62.41005
284.95990 62.37298
02:18:53.42 41:57:23.80
02:19:43.61 41:56:04.78
02:18:50.14 41:57:28.95
02:19:29.72 41:56:26.66
155.608634851018
153.57873398263
97.9178241957738
92.8300481100814
82.6398640389507
76.6806036888083
83.0290622488201
78.3295109312112
6.55590533725262
5.16990167208345
0.2500
26.2236213490105
23.5112384502567
81.7896389497006 ANT1
78.3698984840755 AUR
66.2646537596705 SPE
23.25 0.669508148335843 
20.38 0.000172191720928083
280.85 0.0700165000000084
63.27 0.0252214999999936
34.05 0.0107555367389125
1.50 0.000891407653482945
2.01 0.00342118672168157
0.50 0.000830691486918278
1.00 6.27983080969674e-05
22.86 0.00737032403687721
191.27 0.0557991765501811
163.079634
26.89 0.669508148335843 
23.72 0.74032745997242
281.50 0.186451999999974
63.01 0.056726999999988
38.02 0.852726699851281
1.68 0.041564548107295
3.16 0.40782455229026
0.68 0.041678292792966
1.00 0.000141961805001145
20.06 1.08684509756388
190.56 0.134122695824033
163.564450
