2025-09-10T02:07:35.6114
93
55
101.722773313104
47.95301 40.68945
47.53252 40.59366
02:07:58.03 42:48:33.00
02:06:31.10 42:48:30.39
02:12:10.97 42:48:40.48
02:07:25.98 42:48:32.04
297.511663551375
294.00710285097
176.768271031253
166.612468531856
81.432562394838
75.4115449121136
99.0195735436837
79.21170184942
6.3450273958761
20.8699834039494
0.1000
63.4501831925459
58.4013848524722 ANT1
0.692503466023363 SPE
88.0772281571398 DSX
83.30 2.1697470603346 
82.54 0.000128707199948508
47.69 0.0288559999999976
40.75 0.0238530000000026
143.56 0.0484428403728714
3.12 0.00176936796395433
-0.52 0.000398128965582667
2.65 0.00111927748482987
0.86 0.000409021554796274
25.74 5.19604775455207e-05
217.62 0.0531389775968023
167.155095
65.62 2.1697470603346 
62.45 2.20432976236314
47.77 0.0161030000000011
40.74 0.0215049999999977
136.14 1.267658107926
1.32 0.152049582520621
-158.19 160.944207913372
0.88 0.122750748009911
0.70 0.0354670994518254
23.51 2.27283628575944
250.30 7.63671015146019
167.640937
