2025-09-23T04:21:52.2545
55
66
7.7519830380088
351.93706 30.49063
351.61926 30.34881
02:56:46.17 39:59:29.33
03:44:05.97 39:47:08.12
03:15:57.11 39:54:31.78
03:36:37.74 39:49:06.68
194.523364491989
228.832923645083
225.820993071751
246.536353231874
78.5486969396043
42.4109302128109
63.7824907178447
48.0487615959692
80.4940790331146
35.1424970366698
3.8052
21.1537046459861
22.1905167238361
142.248468395505 DSX
36.2595531509833 STA
24.03 0.0731966553477201 
21.26 2.44861972760191e-05
347.59 0.010594000000026
27.61 0.00535550000000029
19.89 0.0029262013260265
1.11 0.000260951441438895
2.06 0.0011320232962837
0.68 0.000125739613718534
0.66 0.000111142014756815
22.90 0.00246007938854476
260.74 0.020535912904279
179.919640
21.23 0.0731966553477201 
17.95 0.0862452347445384
346.23 0.0541864999999575
26.77 0.0329170000000012
16.55 0.0879156982452152
1.12 0.000221883468483952
1.69 0.0082082888263233
0.58 0.00266338129244381
0.71 0.001237451247043
23.67 0.0161976606631953
258.73 0.0684418399926017
180.408911
