-10.06
-10.42
-10.41
-10.75
-10.92
-10.64
-9.44
-11.08
-11.07
-11.35
-11.34
-11.33
-11.28
-11.57
-11.63
-11.62
-11.5
-11.65
-11.64
-11.8
-11.87
-11.87
-11.81
-11.94
-11.95
-11.98
-12.05
-11.97
-11.37
-11.93
-11.93
-12.18
-12.27
-12.28
-12.27
-12.04
-12.08
-12.51
-12.79
-12.65
-12.74
-12.7
-12.86
-12.77
-12.75
-12.7
-12.76
-12.82
-12.84
-12.46
-12.32
-12.76
-12.93
-13.03
-13.07
-13.13
-13.07
-13.09
-13.31
-13.13
-13.05
-13.02
-12.96
-12.87
-12.85
-12.81
-12.74
-12.68
-12.57
-12.47
-12.46
-12.38
-12.31
-12.22
-12.21
