1041.414795 145 1.861812 -0.424540
1041.651733 144 1.864023 -0.426166
1041.516846 143 1.866316 -0.426921
1041.489624 142 1.868588 -0.427932
1041.415894 141 1.870872 -0.428835
1041.507568 140 1.873123 -0.430129
1041.235840 139 1.875453 -0.430572
1040.785889 138 1.877820 -0.430600
1040.904419 137 1.880071 -0.431964
1040.791260 136 1.882372 -0.432786
1040.407593 135 1.884730 -0.432978
1040.503784 134 1.886992 -0.434295
1040.210083 133 1.889334 -0.434703
1040.393677 132 1.891583 -0.436229
1040.119019 131 1.893924 -0.436686
1040.268433 130 1.896185 -0.438137
1039.961060 129 1.898536 -0.438522
1039.533081 128 1.900912 -0.438627
1039.550293 127 1.903204 -0.439776
1039.303467 126 1.905548 -0.440310
1039.440918 125 1.907822 -0.441744
1039.151733 124 1.910178 -0.442184
1039.505981 123 1.912417 -0.444129
1039.527344 122 1.914720 -0.445298
1038.750610 121 1.917169 -0.444608
1038.047607 120 1.919605 -0.444094
1038.017090 119 1.921922 -0.445150
1038.342163 118 1.924179 -0.447037
1038.161743 117 1.926527 -0.447748
1037.930420 116 1.928886 -0.448344
1037.697144 115 1.931247 -0.448937
1037.558228 114 1.933594 -0.449752
1037.460938 113 1.935936 -0.450667
1037.340210 112 1.938284 -0.451530
1037.330566 111 1.940615 -0.452653
1037.331177 110 1.942948 -0.453802
1037.149536 109 1.945313 -0.454531
1036.873169 108 1.947695 -0.455041
1036.926880 107 1.950026 -0.456321
1036.291260 106 1.952467 -0.456003
1035.510376 105 1.954933 -0.455352
1035.538330 104 1.957273 -0.456580
1035.578003 103 1.959616 -0.457837
1035.554932 102 1.961970 -0.458950
1035.552002 101 1.964325 -0.460113
1035.127686 100 1.966743 -0.460303
1034.891235 99 1.969136 -0.460930
1034.953369 98 1.971488 -0.462250
1034.727051 97 1.973884 -0.462906
1034.580200 96 1.976271 -0.463748
1034.265015 95 1.978683 -0.464204
1034.103271 94 1.981076 -0.465016
1034.121826 93 1.983449 -0.466248
1034.455322 92 1.985784 -0.468210
1034.695312 91 1.988136 -0.469959
