2025-09-06T04:27:12.2234
9
79
5.77457777104562
355.09574 15.08058
354.77001 14.93813
-06:49:01.52 39:08:00.80
-06:41:11.08 39:09:31.32
-06:46:19.89 39:08:31.97
-06:40:51.59 39:09:35.06
159.39203891097
155.490292202193
233.13620213748
233.513189750002
55.6937138529729
45.8863773466928
52.3176761714058
45.4811648906889
15.2902856666231
10.6630619212862
0.9000
16.9892089966099
17.987910692037
71.6081889626673 ANT1
49.5311378184983 SPE
19.53 0.217815930444776 
16.00 5.082993943617e-05
350.00 0.0139195000000427
11.44 0.0119360000000004
8.64 0.00537067276443715
0.81 0.000266286284443584
1.10 0.000375150867341523
0.51 2.27928025585689e-05
0.54 0.000172761280433198
24.70 0.000610233443605779
292.54 0.032583736207016
163.366533
17.21 0.217815930444776 
12.78 0.289453827185827
348.21 0.217941499999995
9.98 0.179864999999999
6.33 0.201618906735898
0.88 0.00595239347440402
1.07 0.00211355755333953
0.42 0.00843972388385122
0.62 0.00786730865749097
24.76 0.00451203555261515
287.73 0.479639207142611
163.851420
