3497.8420272881 3630.92752458071 3894.21541782322 0.0302199291134009 -0.412035032367809 0.910666727176325
3497.8287886925 3630.94027789148 3894.21541782322 0.0246007004818794 -0.412899426468814 0.91044432512786
3497.81555005041 3630.95303115398 3894.21541782322 0.0193315211082872 -0.412764901319988 0.910632433273678
3497.80231136181 3630.96578436821 3894.21541782322 0.0134472485682765 -0.413335562277783 0.910479480527953
3497.78907262672 3630.97853753418 3894.21541782322 0.0083564161181139 -0.412952487715817 0.910714232456581
3497.77583384512 3630.99129065188 3894.21541782322 0.00230268354071639 -0.413625227096929 0.91044432512786
3497.76259501703 3631.0040437213 3894.21541782322 -0.00245422475353461 -0.413444076436111 0.910526206344853
3497.74935614244 3631.01679674246 3894.21541782322 -0.00861339814963029 -0.413767771339663 0.910341716485037
3497.73611722135 3631.02954971535 3894.21541782322 -0.0141604104572911 -0.414225281959478 0.910064227712128
3497.72287825376 3631.04230263996 3894.21541782322 -0.019407227096424 -0.414222167357836 0.909968876174237
3497.70963923968 3631.05505551631 3894.21541782322 -0.0247553871368909 -0.41451848147734 0.909704127352087
3497.6964001791 3631.06780834439 3894.21541782322 -0.0296763308477967 -0.414073046543164 0.909759763626571
3497.68316107565 3631.0805611207 3894.21541782322 -0.0347611876716495 -0.413939211383203 0.909640582379166
3497.66992192207 3631.09331385223 3894.21541782322 -0.0397442278054426 -0.41422327030132 0.909307142112625
3497.65668272199 3631.1060665355 3894.21541782322 -0.0456857938120886 -0.414480842093305 0.908910578539706
3497.64344347542 3631.11881917049 3894.21541782322 -0.0505548377116469 -0.414477304219308 0.908654374705281
3497.63020418236 3631.13157175721 3894.21541782322 -0.0557667279261491 -0.414973258289962 0.908122936039292
3497.61696484279 3631.14432429566 3894.21541782322 -0.0603065676838499 -0.414778284739926 0.907921853686978
3497.60372545673 3631.15707678584 3894.21541782322 -0.063621438515633 -0.414312171870996 0.907908440758615
