399.806030 131 3.896037 1.101634
400.112213 132 3.896529 1.103341
400.105499 133 3.897560 1.104743
400.010162 134 3.898750 1.106056
399.731995 135 3.900261 1.107190
399.301727 136 3.902042 1.108174
398.892029 137 3.903795 1.109174
398.380188 138 3.905732 1.110072
397.901031 139 3.907622 1.110998
397.326843 140 3.909683 1.111828
396.758942 141 3.911741 1.112660
396.114746 142 3.913938 1.113414
395.599548 143 3.915923 1.114290
395.006317 144 3.918049 1.115086
394.495911 145 3.920043 1.115959
393.883240 146 3.922219 1.116728
393.305206 147 3.924344 1.117528
392.706512 148 3.926513 1.118303
392.065338 149 3.928762 1.119031
391.373047 150 3.931105 1.119705
390.740387 151 3.933355 1.120434
390.176239 152 3.935498 1.121227
389.625977 153 3.937626 1.122030
389.117950 154 3.939691 1.122872
388.558289 155 3.941851 1.123658
387.906036 156 3.944175 1.124347
387.348236 157 3.946348 1.125126
386.804932 158 3.948506 1.125917
386.163208 159 3.950836 1.126604
385.722687 160 3.952839 1.127491
385.105560 161 3.955145 1.128195
384.550873 162 3.957355 1.128959
383.982391 163 3.959596 1.129704
383.473694 164 3.961746 1.130507
383.049316 165 3.963764 1.131392
382.837677 166 3.965439 1.132491
382.722656 167 3.966963 1.133686
382.835938 168 3.968116 1.135112
