2460923.677121998742
Ager 26
0.1948, 0.2448, 0.2948, 0.3448, 0.3948, 0.4448, 0.4948, 0.5448, 0.5948, 0.6448, 0.6948, 0.7448, 0.7948, 0.8448, 0.8948, 0.9948
121.14969, 121.15063, 121.15159, 121.15251, 121.15357, 121.15469, 121.15577, 121.15678, 121.15789, 121.15887, 121.16010, 121.16116, 121.16243, 121.16355, 121.16463, 121.16723
16.31990, 16.13618, 15.94792, 15.76592, 15.55757, 15.33605, 15.12271, 14.92070, 14.69955, 14.50499, 14.25970, 14.04789, 13.79370, 13.56759, 13.34949, 12.82562



Cabrils 55
0.5134, 0.5634, 0.6134, 0.6634, 0.7134, 0.7634, 0.8134, 0.8634, 0.9634, 1.0134, 1.1134, 1.1634, 1.2634, 1.3134, 1.4134, 1.4634
115.28213, 115.12749, 114.97087, 114.79405, 114.61031, 114.42176, 114.21426, 113.99572, 113.51121, 113.24735, 112.66389, 112.33583, 111.58077, 111.16968, 110.24821, 109.79442
49.93733, 50.32012, 50.70143, 51.12436, 51.55548, 51.98929, 52.45680, 52.93832, 53.96748, 54.50660, 55.64824, 56.26106, 57.59741, 58.28417, 59.72782, 60.39358
2.385500000
41.519805556
147
Cosmos 69
0.0000, 0.0500, 0.1000, 0.1500, 0.2000, 0.2500, 0.3000, 0.3500, 0.4000, 0.4500, 0.5000, 0.5500, 0.6000, 0.6500, 0.7000, 0.7500, 0.8000
112.13572, 111.84558, 111.54221, 111.22364, 110.86642, 110.50057, 110.11022, 109.69109, 109.23068, 108.74496, 108.20528, 107.61892, 106.97034, 106.31139, 105.56263, 104.80121, 103.71467
52.51570, 52.98444, 53.46317, 53.95372, 54.48941, 55.02281, 55.57551, 56.15078, 56.76189, 57.38394, 58.04907, 58.74223, 59.47507, 60.18529, 60.95286, 61.69313, 62.68445
2.449652778
41.538827778
60
Masquefa 66
0.4324, 0.4824, 0.5324, 0.5824, 0.6324, 0.6824, 0.7324, 0.7824, 0.8324, 0.8824
124.67467, 124.74551, 124.80778, 124.87353, 124.95897, 125.07221, 125.15944, 125.22823, 125.34201, 125.42684
41.06920, 41.26503, 41.43619, 41.61591, 41.84787, 42.15267, 42.38539, 42.56766, 42.86674, 43.08778
1.826530000
41.507030000
245
Mataro 44
0.1731, 0.2731, 0.3731, 0.4731, 0.5731, 0.6731, 0.7731, 0.8731, 0.9731
112.28736, 111.68001, 110.90276, 110.14184, 109.21828, 108.11808, 106.87248, 105.40666, 103.73913
52.95784, 53.90134, 55.04537, 56.10090, 57.30278, 58.63057, 60.01064, 61.48562, 62.99186
2.449652778
41.538827778
19
