2025-09-03T03:21:42.1930
14
85
59.6560214137622
40.66542 8.57773
40.32245 8.46932
-03:30:19.84 36:35:02.10
-03:31:54.70 36:38:03.02
-03:26:08.73 36:27:01.91
-03:32:08.72 36:38:29.73
105.471360208967
94.0533054044126
146.460330834431
99.7282334557813
91.9119058069555
81.1372030761358
120.706450626746
79.5497212329055
12.3997769710189
47.3319755354949
0.2000
61.998943981895
21.1135485396869
48.247667046902 ANT1
56.7706113276081 AUR
67.59 1.68561842059876 
66.66 6.44190340608475e-05
40.39 0.0147385
8.39 0.0023370000000007
163.86 0.0108858541763084
0.97 0.000574393368624304
-4.58 0.011585122774779
1.10 0.000186652865018511
0.46 0.000311122144902032
25.77 1.58224189767964e-05
92.13 0.0293677277049511
340.415262
63.68 1.68561842059876 
60.98 1.71376625969211
40.40 0.0104435000000009
8.35 0.0149669999999986
161.87 0.656628653610625
0.66 0.080478737125723
5.57 3.03036374238178
0.92 0.0386137796040935
0.34 0.0350925582704927
11.13 10.5936907003444
112.61 6.40393564251403
340.899430
