914 507.140350 0.835298 0.100116
913 506.180511 0.836641 0.099173
912 508.830261 0.837046 0.102469
911 506.198517 0.838823 0.099562
910 506.179596 0.839922 0.099722
909 506.662537 0.840891 0.100472
908 505.291504 0.842340 0.099042
907 504.677765 0.843593 0.098502
906 504.627533 0.844700 0.098623
905 504.121307 0.845924 0.098207
904 503.512451 0.847176 0.097670
903 502.943298 0.848417 0.097179
902 502.342102 0.849665 0.096649
901 501.631409 0.850942 0.095990
900 501.000397 0.852199 0.095423
899 500.375153 0.853453 0.094863
898 499.831299 0.854687 0.094398
897 499.252930 0.855929 0.093891
896 498.654236 0.857177 0.093359
895 498.078949 0.858418 0.092854
894 497.432892 0.859678 0.092266
893 496.878601 0.860913 0.091784
892 496.244751 0.862169 0.091208
891 495.655426 0.863414 0.090683
890 495.081421 0.864654 0.090176
889 494.444855 0.865910 0.089595
888 493.867432 0.867151 0.089082
887 493.241730 0.868404 0.088511
886 492.647064 0.869650 0.087977
885 492.044556 0.870897 0.087432
884 491.416931 0.872150 0.086857
883 490.783447 0.873405 0.086274
882 490.123413 0.874666 0.085659
881 489.519287 0.875913 0.085110
880 488.962463 0.877148 0.084615
879 488.515503 0.878355 0.084249
878 488.083313 0.879558 0.083899
877 487.572723 0.880781 0.083457
876 486.924194 0.882038 0.082851
875 486.281067 0.883295 0.082250
874 485.722626 0.884529 0.081749
873 485.215668 0.885751 0.081308
872 484.800262 0.886950 0.080974
871 484.396667 0.888145 0.080653
870 484.100525 0.889314 0.080458
869 484.372131 0.890340 0.080933
868 485.718079 0.891099 0.082674
