2025-09-17T00:49:38.0272
20
65
28.1680388517219
18.94114 -3.32615
18.61443 -3.46154
02:14:41.65 41:59:55.14
02:11:48.73 42:10:39.39
02:14:54.22 41:59:08.14
02:11:39.74 42:11:12.78
153.930592223005
140.568795811739
115.495383334057
105.363478597759
88.4666441896225
68.5172406706015
89.9292860741989
67.4884742064278
28.6240271558822
32.1976532705753
0.8000
35.7800360775091
36.5341414395287
54.5073380860923 SPE
123.348539074559 DSX
36.59 0.169305741342655 
34.84 3.2439664657602e-05
18.55 0.00660300000000191
-4.51 0.00248649999999984
21.95 0.0113127633902934
0.39 0.000152035036055542
2.31 0.00143536375430608
0.91 2.49216558564358e-05
0.20 7.72645059698429e-05
22.29 0.00327417005416564
132.25 0.0140396598272901
353.915106
35.95 0.169305741342655 
33.99 0.178244099203617
18.56 0.00491200000000092
-4.56 0.0147589999999997
20.91 0.161031830788843
0.41 0.00232653717048664
2.17 0.0452648138926421
0.90 0.00272430925459566
0.22 0.00153003227578091
22.61 0.10048888091648
131.12 0.0456215895683272
354.402729
