4682.91946624081 772.691796779109 4247.55149647418 0.293184933859255 0.878249609436222 0.377783295135013
4682.91664893057 772.708870969956 4247.55149647418 0.283867032079214 0.879963087315637 0.380899557705795
4682.91383155808 772.725945150531 4247.55149647418 0.274331578227079 0.881592719635393 0.384104753775986
4682.91101412334 772.743019320834 4247.55149647418 0.264693727907842 0.88322843180276 0.387097878657952
4682.90819662635 772.760093480864 4247.55149647418 0.25466242091696 0.884837595757898 0.390140334374819
4682.9053790671 772.777167630621 4247.55149647418 0.244640789078712 0.886304809960171 0.393210717250192
4682.9025614456 772.794241770105 4247.55149647418 0.235327717281177 0.887503662286167 0.39617939737936
4682.89974376185 772.811315899316 4247.55149647418 0.224410532591148 0.888877747951589 0.399419906938385
4682.89692601584 772.828390018253 4247.55149647418 0.213905788183472 0.890127311111104 0.402389964829795
4682.89410820758 772.845464126916 4247.55149647418 0.204518528182143 0.891071147694766 0.405172039232894
4682.89129033707 772.862538225306 4247.55149647418 0.193934172808679 0.892008487380269 0.408301843075166
4682.8884724043 772.879612313421 4247.55149647418 0.183093628079758 0.892864024769363 0.411425031602656
4682.88565441005 772.896686386579 4247.55149647418 0.172747323313533 0.893639726778391 0.414205747197517
4682.88283635278 772.913760454144 4247.55149647418 0.161004017033875 0.894433987445426 0.417211635266122
4682.88001823325 772.930834511435 4247.55149647418 0.148668467592758 0.895014945266487 0.420530539311056
4682.87720005147 772.947908558451 4247.55149647418 0.1397615604353 0.89545095138107 0.422651511171351
4682.87438180744 772.964982595192 4247.55149647418 0.128771115378105 0.895752114743395 0.425495180674253
