982 583.716797 1.117466 0.817156
983 583.118469 1.120289 0.818149
984 582.203857 1.123079 0.819704
985 581.390137 1.125894 0.821072
986 580.332642 1.128694 0.822872
987 579.728760 1.131556 0.823853
988 578.617371 1.134378 0.825737
989 577.809204 1.137243 0.827072
990 576.930359 1.140113 0.828528
991 576.096069 1.143000 0.829899
992 575.193298 1.145894 0.831386
993 574.277161 1.148801 0.832890
994 573.458374 1.151725 0.834215
995 572.561523 1.154659 0.835673
996 571.637390 1.157605 0.837174
997 570.805969 1.160566 0.838503
998 569.888916 1.163539 0.839979
999 569.275391 1.166527 0.840907
1000 569.255615 1.169524 0.840770
1001 568.225830 1.172528 0.842429
1002 565.752319 1.175574 0.846653
1003 561.702393 1.178726 0.853672
1004 562.801331 1.181723 0.851520
1005 562.796326 1.184760 0.851327
1006 562.430664 1.187818 0.851771
1007 561.843689 1.190894 0.852602
1008 561.014099 1.193996 0.853857
1009 560.042725 1.197122 0.855358
1010 559.108582 1.200259 0.856785
1011 558.161438 1.203412 0.858229
1012 557.312378 1.206569 0.859492
1013 556.314209 1.209756 0.861013
1014 555.416138 1.212946 0.862349
1015 554.485291 1.216154 0.863736
1016 553.719238 1.219353 0.864824
1017 552.936157 1.222565 0.865936
1018 552.454224 1.225739 0.866509
1019 551.729431 1.228962 0.867505
1020 548.958862 1.232576 0.872100
1021 547.557678 1.235974 0.874271
1022 546.368774 1.239352 0.876059
1023 545.982971 1.242571 0.876427
1024 545.507446 1.245816 0.876947
1025 544.896484 1.249099 0.877698
1026 543.920593 1.252480 0.879082
1027 543.007690 1.255861 0.880349
1028 542.024841 1.259275 0.881730
1029 541.042297 1.262705 0.883103
1030 540.531311 1.266014 0.883642
1031 539.924255 1.269358 0.884343
1032 538.081482 1.273094 0.887195
1033 535.277771 1.277184 0.891712
1034 534.497986 1.280644 0.892688
1035 534.521423 1.283833 0.892258
1036 533.806213 1.287285 0.893107
1037 533.184387 1.290712 0.893786
1038 532.117310 1.294316 0.895232
1039 531.107544 1.297916 0.896569
1040 530.066223 1.301545 0.897952
1041 529.149597 1.305140 0.899110
1042 528.433716 1.308664 0.899913
1043 527.870544 1.312131 0.900444
1044 525.902649 1.316234 0.903391
1045 524.751404 1.320001 0.904919
1046 523.880432 1.323654 0.905954
1047 522.267822 1.327683 0.908256
1048 521.689819 1.331225 0.908769
1049 520.990540 1.334836 0.909484
1050 520.001892 1.338607 0.910685
1051 519.021240 1.342391 0.911864
1052 517.994263 1.346215 0.913112
1053 517.000000 1.350038 0.914295
1054 516.103455 1.353822 0.915302
1055 515.840271 1.357250 0.915222
1056 514.729126 1.361181 0.916577
1057 512.116638 1.366048 0.920469
1058 510.475739 1.370371 0.922697
1059 508.905548 1.374683 0.924792
1060 509.362732 1.377692 0.923451
1061 508.852783 1.381332 0.923737
1062 507.995270 1.385210 0.924601
1063 507.013702 1.389185 0.925664
1064 505.976593 1.393216 0.926811
1065 505.010559 1.397213 0.927827
1066 504.062195 1.401211 0.928804
1067 503.738403 1.404765 0.928727
1068 502.277039 1.409169 0.930542
1069 500.000000 1.414232 0.933701
1070 498.934204 1.418398 0.934829
1071 496.421265 1.423748 0.938345
1072 496.600800 1.426946 0.937385
1073 496.019470 1.430765 0.937678
1074 495.173981 1.434812 0.938398
1075 494.248993 1.438937 0.939239
1076 493.265289 1.443128 0.940166
1077 492.050201 1.447537 0.941462
1078 491.270691 1.451577 0.942031
1079 491.256042 1.454936 0.941341
1080 490.830719 1.458664 0.941315
1081 483.430756 1.468994 0.952621
1082 482.056610 1.473728 0.954096
1083 484.358978 1.474837 0.949614
1084 483.493011 1.479056 0.950254
1085 483.004181 1.482908 0.950275
1086 482.216461 1.487066 0.950768
1087 481.366974 1.491296 0.951351
1088 480.326355 1.495736 0.952228
1089 479.204559 1.500277 0.953223
