2025-09-05T21:20:37.4535
66
26
30.7228457854135
285.89629 61.41379
285.81962 61.37463
02:18:40.29 41:57:03.49
02:19:16.71 41:56:08.53
02:18:20.80 41:57:32.89
02:19:21.41 41:56:01.44
104.231292919955
100.318925732334
155.232525055393
152.715571633899
80.7908956047695
76.4122342225246
83.1363627597611
75.84758173307
4.7794084552851
7.95566018374953
0.2000
23.897036578928
24.0503078542162
81.087083671245 ANT1
79.3074896351589 AUR
66.6355428885393 SPE
22.05 0.862593499928288 
19.00 0.000140761094666431
281.46 0.0731020000000058
62.34 0.0179800000000014
31.99 0.00809919202885112
1.45 0.000739451982825434
1.83 0.00230689689632024
0.45 0.000658556788590448
1.00 6.33180819091805e-05
23.23 0.00480818481163325
192.72 0.0567632352237979
163.079634
24.76 0.862593499928288 
21.11 0.976418160486766
281.94 0.270761999999991
62.15 0.0745244999999954
34.63 1.20012113449567
1.56 0.049152932719251
2.30 0.256807409151103
0.56 0.0494666477523071
1.00 0.000220899844418643
22.21 0.584144361515193
192.14 0.198285178797022
163.564450
