1201 460.767395 0.167196 0.335120
1202 459.785461 0.170217 0.335071
1203 460.674011 0.171128 0.332637
1204 461.625946 0.171971 0.330121
1205 462.325836 0.173100 0.327925
1206 463.024719 0.174233 0.325729
1207 463.492157 0.175626 0.323826
1208 463.780487 0.177220 0.322151
1209 464.667206 0.178149 0.319712
1210 464.796814 0.179921 0.318236
1211 465.385712 0.181185 0.316175
1212 465.637909 0.182823 0.314540
1213 466.713654 0.183551 0.311857
1214 467.159760 0.184978 0.309974
1215 468.481659 0.185443 0.306976
1216 468.927032 0.186874 0.305091
1217 469.455963 0.188216 0.303099
1218 469.657990 0.189917 0.301521
1219 470.875580 0.190510 0.298652
1220 471.381104 0.191882 0.296686
1221 471.345306 0.193845 0.295406
