2025-09-05T04:15:03.5355
26
69
14.1973671480744
121.06410 31.41472
120.66032 31.48849
03:20:30.63 42:00:55.78
02:54:22.95 41:56:16.75
03:17:21.01 42:00:22.39
02:50:20.75 41:55:33.06
239.211598362855
195.41704764376
131.74535072022
89.7110055342557
99.9390083450298
73.9311875372396
96.7738353515524
69.9456398973316
45.7359699427587
47.2334801151683
0.8000
57.1699658360439
59.6023129994319
120.409218207323 ANT1
21.4122345543813 AUR
61.6180264361632 SPE
60.06 2.87925200724277 
59.01 6.92644663331521e-05
121.45 0.0161355000000043
31.31 0.0200720000000025
136.81 0.0535277368728373
0.30 0.000711895270222307
-7.25 0.0356738363164864
1.02 8.76359359345269e-05
0.15 0.000356074434150838
25.59 3.93436348744558e-05
46.30 0.0521063988923771
162.388600
60.05 2.87925200724277 
56.06 2.9361773709384
121.51 0.0615029999999877
31.27 0.0345274999999994
133.05 4.60852554278276
0.24 0.0617770000549851
-2.95 5.85613181429869
0.99 0.0247596194592237
0.12 0.0294896382553492
25.59 0.00106764721442687
39.54 7.28287591195958
162.873246
