374.022522 273 1.806189 1.096212
373.776123 272 1.809459 1.095328
374.103363 271 1.811149 1.093779
374.682861 270 1.812143 1.091939
374.966980 269 1.813936 1.090439
375.524445 268 1.814980 1.088624
375.878662 267 1.816569 1.087042
376.386505 266 1.817737 1.085284
376.696564 265 1.819432 1.083753
377.077240 264 1.820929 1.082140
377.468445 263 1.822392 1.080515
377.865601 262 1.823833 1.078882
377.679382 261 1.826821 1.077916
378.127686 260 1.828110 1.076224
378.182495 259 1.830437 1.074979
378.687073 258 1.831563 1.073223
378.934570 257 1.833364 1.071758
379.625641 256 1.833987 1.069790
379.486359 255 1.836792 1.068762
380.146637 254 1.837487 1.066829
380.132111 253 1.839945 1.065658
380.944489 252 1.840234 1.063553
380.980225 251 1.842545 1.062325
381.360016 250 1.843952 1.060707
381.549164 249 1.845847 1.059304
382.234741 248 1.846451 1.057343
382.126404 247 1.849102 1.056272
382.623077 246 1.850182 1.054523
382.723022 245 1.852279 1.053217
383.314789 244 1.853105 1.051361
383.339081 243 1.855381 1.050138
384.546692 242 1.854628 1.047595
385.248108 241 1.855170 1.045616
384.876678 240 1.858429 1.044835
384.327423 239 1.862131 1.044247
384.119446 238 1.864957 1.043276
384.677673 237 1.865830 1.041457
385.406708 236 1.866270 1.039449
386.126617 235 1.866733 1.037451
386.461060 234 1.868162 1.035879
387.374847 233 1.868139 1.033667
387.805237 232 1.869322 1.031990
387.255737 231 1.872938 1.031392
386.864532 230 1.876152 1.030616
386.511230 229 1.879262 1.029795
387.589447 228 1.878802 1.027407
388.136902 227 1.879663 1.025599
389.288513 226 1.879032 1.023131
390.277618 225 1.878810 1.020839
390.044464 224 1.881580 1.019888
389.583466 223 1.884899 1.019182
389.206635 222 1.888004 1.018380
389.394775 221 1.889717 1.016963
390.417358 220 1.889389 1.014640
391.640320 219 1.888583 1.012099
393.323120 218 1.886682 1.009055
392.754974 217 1.890201 1.008464
392.429413 216 1.893129 1.007605
391.787628 215 1.896811 1.007085
391.877869 214 1.898721 1.005771
392.542023 213 1.899247 1.003838
393.557678 212 1.898934 1.001527
395.692535 211 1.895975 0.998003
395.521545 210 1.898488 0.996975
394.764648 209 1.902380 0.996577
394.278778 208 1.905623 0.995881
394.063019 207 1.908218 0.994892
394.900391 206 1.908315 0.992775
396.119537 205 1.907519 0.990249
398.125183 204 1.904901 0.986876
397.392273 203 1.908674 0.986447
397.002838 202 1.911640 0.985645
396.607269 201 1.914611 0.984846
396.523712 200 1.916848 0.983712
396.887695 199 1.918036 0.982101
398.774994 198 1.915696 0.978869
399.999268 197 1.914907 0.976342
399.949707 196 1.917044 0.975174
399.377777 195 1.920374 0.974561
399.069366 194 1.923091 0.973664
399.174133 193 1.924853 0.972328
400.795471 192 1.923147 0.969385
402.091370 191 1.922199 0.966786
402.290497 190 1.923739 0.965353
401.688293 189 1.927085 0.964767
401.481781 188 1.929529 0.963759
401.789490 187 1.930805 0.962208
402.798218 186 1.930499 0.959918
403.200287 185 1.931558 0.958268
404.523193 184 1.930558 0.955646
404.370728 183 1.932852 0.954582
404.446533 182 1.934630 0.953276
404.800232 181 1.935785 0.951677
405.758575 180 1.935599 0.949442
406.008087 179 1.936980 0.947954
406.839691 178 1.937076 0.945853
406.995361 177 1.938658 0.944463
407.304016 176 1.939899 0.942912
407.550507 175 1.941272 0.941426
408.374023 174 1.941384 0.939335
408.445007 173 1.943133 0.938034
409.213562 172 1.943363 0.936001
409.192200 171 1.945304 0.934796
410.006042 170 1.945434 0.932717
409.989227 169 1.947355 0.931507
410.864441 168 1.947353 0.929364
411.071594 167 1.948784 0.927920
411.514740 166 1.949707 0.926229
411.545410 165 1.951508 0.924969
412.058289 164 1.952275 0.923206
412.251007 163 1.953722 0.921776
413.126556 162 1.953717 0.919636
412.977203 161 1.955881 0.918562
413.735352 160 1.956123 0.916545
413.727203 159 1.957979 0.915324
