2460934.438800319564
Ager 20
0.0000, 0.0500, 0.1000, 0.1500, 0.2000, 0.2500, 0.3000, 0.3500, 0.4000, 0.4500, 0.5000, 0.5500, 0.6000
30.25251, 30.95544, 31.30218, 31.87662, 32.41978, 32.96792, 33.46519, 34.01714, 34.48956, 35.16065, 35.49757, 35.90172, 36.43344
54.45304, 53.96180, 53.71361, 53.29364, 52.88622, 52.46458, 52.07272, 51.62707, 51.23646, 50.66660, 50.37371, 50.01624, 49.53551
0.744033333
42.017627778
736
Sesgueioles 65
2.5357, 2.5857, 2.6357, 2.6857, 2.7357, 2.8357, 2.8857
287.45706, 287.57403, 288.00778, 288.26941, 288.51833, 289.67372, 290.82270
82.80248, 82.96032, 83.48978, 83.77228, 84.01917, 84.94813, 85.62301
1.487027778
41.702661111
632
