2025-09-11T02:53:49.7629
97
59
65.6599551903029
67.71041 0.84958
67.37924 0.79533
03:32:28.92 37:53:27.05
03:28:53.18 37:56:21.68
03:27:36.05 37:57:24.03
03:25:18.41 37:59:15.18
226.056995250747
216.947762558749
358.35631918711
353.51654350163
86.1835357566424
78.8781495779567
76.274757361849
71.6402655128159
10.5646330246047
6.71189467515386
0.2500
42.2585320984187
41.8916078176669
66.3689798223409 ANT1
42.623368625008 SPE
68.6229108957674 DSX
41.94 1.07988777234751 
40.42 7.22646053148424e-05
67.77 0.0184280000000001
0.10 0.0026105
115.89 0.00718372711334325
0.31 0.000141805248186133
0.62 7.28424225855395e-05
0.71 0.000181261859735105
0.18 0.000102168224244359
25.38 0.000157848903924673
167.27 0.016798253446666
348.158230
43.34 1.07988777234751 
40.75 1.1198681190567
67.76 0.0215919999999983
0.11 0.041569
116.29 2.58220150173106
0.32 0.0305389729602717
0.63 0.0138493096246431
0.70 0.0265590559819936
0.19 0.0208507742486466
25.37 0.0138918654995628
166.29 1.57287035905205
348.644330
