2025-09-17T02:32:15.2292
63
93
71.2959433513802
22.25365 11.83087
21.91289 11.69839
-01:39:57.80 40:01:50.99
-01:37:26.87 40:06:51.31
-01:39:29.79 40:02:46.79
-01:37:17.24 40:07:10.46
140.344578602336
130.040668755533
205.017145201447
190.985137790959
81.8416825713111
64.1122325361548
78.5391942000015
62.9854435702546
20.3772826176439
17.878621958683
0.5500
37.0495919109002
41.886945411292
41.1185571535384 SPE
119.399965870775 DSX
44.25 0.339612005166853 
42.82 7.89428897149946e-05
21.55 0.0151724999999985
11.33 0.00895700000000055
11.02 0.0585448739733518
0.08 0.000195817498923181
3.03 0.00688295809965922
0.99 8.7349692454719e-06
0.04 9.86088675566724e-05
20.51 0.0179848589017517
339.11 0.0312486692791936
173.984623
37.39 0.339612005166853 
35.32 0.356242760431343
21.48 0.0194635000000005
11.12 0.0223899999999997
5.60 0.197698222048448
0.17 0.00521797737512147
1.38 0.0324493078213239
0.94 0.00349191561993634
0.09 0.00285621045037598
24.18 0.0580360974622316
332.34 0.276770179248729
174.472264
