4072.84260109165 2742.39357278362 4057.61919144973 0.690463460057655 -0.477828972383432 0.543083495860631
4072.83260213856 2742.40842258574 4057.61919144973 0.683262159542687 -0.486628851651846 0.544375956556742
4072.82260313132 2742.4232723514 4057.61919144973 0.675504158856556 -0.495980231160747 0.545616845107654
4072.81260406993 2742.43812208061 4057.61919144973 0.667679223795681 -0.505339944717222 0.546658937898935
4072.80260495441 2742.45297177336 4057.61919144973 0.659166658634872 -0.515078319911373 0.547899297774158
4072.79260578748 2742.46782142558 4057.61919144973 0.650470644767191 -0.52527857568859 0.548607654174384
4072.78260656367 2742.48267104541 4057.61919144973 0.641523808858583 -0.536657659817053 0.54812932673527
4072.77260728572 2742.49752062879 4057.61919144973 0.636164498024598 -0.541124827956623 0.549980592404884
4072.76260795362 2742.51237017571 4057.61919144973 0.626149768142707 -0.551436863368508 0.551229401949077
4072.75260856738 2742.52721968617 4057.61919144973 0.618334885766669 -0.56031630371475 0.551096732738783
4072.742609127 2742.54206916017 4057.61919144973 0.611865259101926 -0.564306889590273 0.554236988178418
4072.73260963248 2742.55691859771 4057.61919144973 0.60286791644386 -0.573354014201392 0.554811183847072
