828 180.530106 0.239298 -0.418352
829 180.000000 0.238171 -0.421902
830 179.369888 0.237228 -0.425662
831 179.316269 0.235191 -0.428214
832 177.432571 0.236609 -0.434607
833 177.979080 0.233432 -0.435900
834 177.024612 0.233085 -0.440344
835 176.328018 0.232246 -0.444247
836 175.546600 0.231561 -0.448330
837 175.194290 0.230065 -0.451511
838 174.730972 0.228774 -0.454927
839 174.713058 0.226643 -0.457408
840 173.397202 0.226941 -0.462615
841 172.665466 0.226139 -0.466596
842 173.000000 0.223338 -0.468337
