2025-09-17T02:32:15.2292
63
20
73.7463771435661
26.02010 9.50058
25.68019 9.37195
-01:39:20.18 40:01:43.17
-01:37:46.65 40:06:56.90
-01:38:09.91 40:05:38.95
-01:37:21.80 40:08:20.13
139.179384980976
130.625455457589
302.425815689691
296.018928660344
81.1476121552805
64.4084538518164
68.5578753014788
59.9847593595978
19.5203776534438
10.0023036445406
0.5500
35.4915834253845
33.1244128361185
40.7048309456829 SPE
115.942137392942 DSX
41.93 0.272756793548437 
40.41 3.76119918712448e-05
25.33 0.00824350000000251
8.91 0.0029515
7.68 0.0317142372923627
0.07 9.03548621652706e-05
1.72 0.00102884676159154
0.98 1.43497466876807e-05
0.04 4.59060456098476e-05
23.54 0.00202345713904606
161.76 0.0142504224950812
353.984623
35.76 0.272756793548437 
33.68 0.287409877570084
25.28 0.0108579999999989
8.67 0.0162414999999996
4.86 0.0901673129983411
0.16 0.00429042797154813
1.13 0.0148308729521553
0.93 0.00301573005259703
0.08 0.00235426666496399
24.61 0.0242940533530991
155.36 0.22631583131286
354.472264
