2025-09-05T04:15:03.5355
26
44
13.982134436314
121.06130 31.84738
120.65624 31.92114
03:16:07.44 42:00:58.88
02:51:23.76 41:56:25.01
03:19:47.92 42:01:39.07
02:50:10.75 41:56:11.38
232.371515649803
190.858581315496
137.465480615572
91.0074969634434
96.9481790072141
72.1227766971833
100.665378029856
70.9097785103913
43.4537822313298
52.0629125005929
0.8000
54.3172310267215
56.258600941808
120.259838479087 ANT1
21.2136472446462 AUR
61.3882102367211 SPE
56.76 2.82293811127489 
55.65 4.30873782946151e-05
121.50 0.0115420000000057
31.72 0.014597000000002
130.96 0.0254155238510236
0.23 0.000438509331652959
7.34 0.0244037556299439
0.98 8.4197830790389e-05
0.12 0.000226038902143996
25.59 2.97045601200807e-05
38.70 0.0343772053491094
162.388600
57.14 2.82293811127489 
53.15 2.88497801559436
121.56 0.0646729999999991
31.69 0.0316280000000013
126.73 5.80499667741955
0.20 0.0509983262900386
4.85 2.99591963503097
0.97 0.0123059343361567
0.10 0.0252424731937673
25.59 0.00103991110368895
33.58 6.48572606753558
162.873246
