207.737869 277 1.961325 0.914883
208.259598 278 1.957461 0.919976
208.410370 279 1.956803 0.924878
209.078827 280 1.951603 0.930045
209.296036 281 1.950348 0.934983
209.730652 282 1.947155 0.940031
210.181488 283 1.943791 0.945085
210.530594 284 1.941321 0.950089
210.924347 285 1.938429 0.955115
211.560104 286 1.933289 0.960252
211.723297 287 1.932473 0.965170
212.096497 288 1.929705 0.970184
212.499268 289 1.926640 0.975212
213.197784 290 1.920743 0.980367
213.613693 291 1.917479 0.985396
213.843399 292 1.915981 0.990347
213.895859 293 1.916202 0.995223
214.895737 294 1.907175 1.000489
215.560928 295 1.901327 1.005607
215.897446 296 1.898679 1.010597
216.089630 297 1.897460 1.015535
216.783295 298 1.891168 1.020652
217.107269 299 1.888568 1.025635
218.175659 300 1.878280 1.030854
218.361267 301 1.877013 1.035791
218.497406 302 1.876266 1.040714
218.984940 303 1.871816 1.045741
219.792145 304 1.863903 1.050848
220.438828 305 1.857600 1.055900
220.965775 306 1.852510 1.060915
221.434433 307 1.847992 1.065913
221.806610 308 1.844484 1.070888
222.812576 309 1.833860 1.075966
223.232742 310 1.829666 1.080937
223.681992 311 1.825087 1.085908
224.231659 312 1.819295 1.090885
224.833099 313 1.812817 1.095857
225.823792 314 1.801683 1.100835
225.593216 315 1.804796 1.105753
