2025-09-05T04:15:03.8541
55
26
12.4974951437934
121.61038 27.37262
121.21835 27.44756
03:21:08.03 42:00:07.41
02:52:54.18 41:56:31.96
03:29:48.66 42:01:12.16
02:50:27.22 41:56:12.93
139.805468345819
98.0414336558336
253.876214552887
189.457680683941
98.8553043594329
73.7423521211513
106.654277849248
71.5822232400942
47.3225172639547
66.01693838669
0.9500
49.813173567029
49.797722818485
122.16212115368 ANT1
23.9344264574744 AUR
64.2089497773491 SPE
48.81 0.757144440615374 
47.51 3.69036593355077e-05
122.25 0.0103359999999952
27.07 0.00896200000000036
119.09 0.0604410541469065
0.05 0.000115388238861383
1.51 0.000898917118704157
0.98 4.82945687733105e-05
0.02 5.87302390714917e-05
25.59 1.5465506077561e-05
14.42 0.0158139873784382
162.388600
50.57 0.757144440615374 
48.54 0.777001081351543
122.22 0.029254999999992
27.09 0.0179544999999983
125.61 3.22044478615418
0.06 0.00661031402101923
1.63 0.126311873131273
0.98 0.000688246921844216
0.03 0.00334504265442242
25.59 0.000457027794816156
16.23 1.23053378796322
162.873246
