3030.42196565249 3700.01620643101 4205.9185065132 -0.274883766661167 0.581970853059977 0.765342303165591
3030.40847515866 3700.02725550067 4205.9185065132 -0.271267131880027 0.577970464240427 0.769652054910067
3030.39498462454 3700.03830452114 4205.9185065132 -0.267284564715746 0.574225674071576 0.773837086667315
3030.38149405014 3700.04935349242 4205.9185065132 -0.263030681432468 0.56990445656673 0.778475286062796
3030.36800343545 3700.06040241452 4205.9185065132 -0.258685169372424 0.56545556442016 0.783161533665334
3030.35451278417 3700.0714512844 4205.9185065132 -0.254268190645835 0.560959993063279 0.787827121523586
3030.34102208892 3700.08250010812 4205.9185065132 -0.249622327944019 0.555973070108996 0.792832036881322
3030.32753135337 3700.09354888265 4205.9185065132 -0.244794372541567 0.550806121646469 0.797927522729199
3030.30054976144 3700.11564628415 4205.9185065132 -0.235170058124499 0.53903809520424 0.808784876021
3030.28705890504 3700.12669491112 4205.9185065132 -0.229771878772758 0.533022532550714 0.814304527507038
3030.2600770714 3700.14879201749 4205.9185065132 -0.217810174208502 0.520417241136798 0.825666169307442
3030.24658609416 3700.15984049689 4205.9185065132 -0.211358635168093 0.51352906751969 0.831634188902933
3030.21960401881 3700.18193730813 4205.9185065132 -0.197295456443389 0.498154895596573 0.844343652110894
3030.20611292072 3700.19298563996 4205.9185065132 -0.19009407799139 0.490048372383415 0.850715483717658
3030.17913060738 3700.21508215303 4205.9185065132 -0.174112051821313 0.473216618319974 0.863568772916425
3030.16563938844 3700.2261303373 4205.9185065132 -0.166734693211701 0.465269016581811 0.869324038715481
