1262.213013 431 2.115792 0.286150
1262.266235 432 2.114693 0.284945
1262.813110 433 2.114557 0.283012
1263.158569 434 2.114033 0.281373
1264.206299 435 2.114878 0.278700
1264.323730 436 2.113919 0.277394
1265.382935 437 2.114796 0.274702
1265.785767 438 2.114400 0.272974
1266.609619 439 2.114828 0.270625
1266.944702 440 2.114308 0.268994
1268.359009 441 2.115897 0.265774
1268.475220 442 2.114957 0.264462
1269.272339 443 2.115351 0.262148
1269.507324 444 2.114651 0.260658
1270.541992 445 2.115518 0.257992
1270.698364 446 2.114672 0.256615
1271.255493 447 2.114613 0.254648
1271.533203 448 2.114012 0.253090
1272.618896 449 2.114997 0.250344
1272.791382 450 2.114197 0.248938
1273.596680 451 2.114641 0.246601
1273.849121 452 2.114005 0.245075
1274.705566 453 2.114559 0.242660
1274.978760 454 2.113971 0.241101
1275.636841 455 2.114144 0.238975
1275.877930 456 2.113500 0.237460
1276.593018 457 2.113793 0.235247
1276.480591 458 2.112460 0.234248
1277.284058 459 2.112935 0.231903
1277.380981 460 2.112021 0.230594
1278.557495 461 2.113241 0.227700
1279.403931 462 2.113814 0.225288
1279.662964 463 2.113231 0.223737
1279.584961 464 2.111986 0.222678
