2025-09-05T21:20:38.0378
55
26
103.163862844817
289.84468 61.49204
289.76326 61.44351
02:18:54.08 41:57:19.41
02:19:25.82 41:56:22.27
02:18:47.24 41:57:31.72
02:19:37.95 41:56:00.44
97.3388593281694
92.3647601150072
155.975593453189
153.168346573336
82.5381830396736
77.8641146288164
83.545857525145
76.0796070480874
5.0580069531543
8.07962854450345
0.2500
20.2320278126172
20.5136658482178
79.3464209744344 ANT1
78.9344016913118 AUR
65.1580076179667 SPE
20.93 1.92187348038308 
17.68 0.00043164535161111
285.14 0.233578499999965
62.66 0.0507575000000102
30.45 0.0215534980182923
1.37 0.002151444673965
1.60 0.0050917387906575
0.38 0.00184781666917072
1.00 0.000255041356674424
23.70 0.0101322934597512
196.61 0.206309305309873
163.079634
22.15 1.92187348038308 
16.81 2.31340854896953
284.74 0.983933499999978
62.84 0.342028999999997
29.10 3.28870077987423
1.34 0.0911076684823753
1.56 0.219318734593191
0.35 0.0925134654210265
1.00 0.000894234160148888
23.76 0.414353992997988
197.14 1.12700102505164
163.564450
