2025-09-10T02:07:36.0961
55
26
117.762642493737
48.11768 39.89746
47.69948 39.80197
02:12:10.24 42:47:41.24
02:07:44.53 42:47:41.09
02:13:00.88 42:47:41.24
02:06:57.55 42:47:41.05
174.11466504064
165.046379294986
181.166797535885
162.316092664699
97.0305668265783
78.922369735993
100.494293541637
75.7321770111012
19.1156490696449
26.1396997548428
0.3000
63.7188403599866
65.5125661542549
58.1196082480491 ANT1
0.303909501317129 SPE
87.9263925100989 DSX
64.89 1.2188432823138 
63.92 7.38807706923694e-05
47.93 0.0177624999999964
39.94 0.00973199999999963
138.48 0.0265882429478381
1.40 0.000425021355827004
11.09 0.0759058443096077
0.93 0.000452481375556202
0.72 0.000324894264377984
-11.14 0.379186099278726
245.44 0.0363268487015773
167.155095
65.02 1.30299412407052 
62.73 1.32356668536717
47.93 0.0107314999999986
39.94 0.00815500000000213
137.64 0.733423370069232
1.31 0.0910598259396538
9.26 5.79557612202141
0.88 0.0734916439924702
0.69 0.0214676366578171
-6.61 25.9851251600123
250.58 4.58089543264634
167.640937
