2025-09-23T04:21:53.0012
44
66
8.55902313787894
353.26031 30.26064
352.94049 30.11840
03:06:13.05 39:54:40.90
03:46:53.46 39:44:33.08
03:18:26.76 39:51:39.97
03:39:19.98 39:46:27.33
205.172352223121
234.25711126904
232.595721744838
252.995333720554
75.5413287630536
43.5945197479241
65.8574023283954
49.4741782669953
69.3614309751537
35.6082378984796
3.2022
21.6605559812978
23.1836322684284
141.65844578583 DSX
35.2187949763926 STA
25.01 0.0740647189828916 
22.37 1.48157055654963e-05
349.30 0.00413600000001679
27.66 0.00412299999999988
20.83 0.00250096883312523
1.08 0.000111067131861375
2.14 0.000606674842785981
0.70 6.52454324266971e-05
0.64 4.57351688354368e-05
22.72 0.00134175028028594
263.37 0.00846941306207327
179.919640
21.73 0.0740647189828916 
18.55 0.0864947038069346
347.89 0.0441210000000183
26.80 0.0289044999999994
16.98 0.087439035093194
1.09 0.000137943180720912
1.68 0.00792448264938139
0.59 0.00258938298991507
0.69 0.00117191392087113
23.69 0.0156072217483434
261.49 0.0499401050854544
180.408911
