2025-09-01T21:20:17.5718
66
20
38.3644478661656
285.13569 75.69459
285.34780 75.65727
01:31:10.03 41:02:25.91
01:31:56.02 40:57:57.86
01:30:59.28 41:03:28.48
01:31:55.33 40:58:01.93
105.210083690684
100.14204369206
154.385251776429
154.542394970585
86.1680096604987
74.4423545773707
88.9126832148377
74.6198642316631
14.4506027393363
17.6122888862431
0.4000
36.1264982351125
37.1494309223505
86.4109100001075 ANT1
65.0144330999616 AUR
37.49 0.770753638672436 
35.78 8.58705352513311e-05
281.41 0.0747094999999831
76.29 0.0111179999999962
56.70 0.0112699071606386
2.04 0.000761316217231744
-58.22 2.53787434417761
1.02 0.00075702449238868
1.01 2.48620355325357e-06
25.67 5.31372970620225e-05
179.40 0.0268480483926794
159.204402
36.93 0.799355860504126 
34.35 0.84070829680843
281.27 0.162877000000037
76.35 0.0408320000000089
55.34 0.82720838984158
1.94 0.0569397782562808
24.78 17.3990762641501
0.92 0.0564216722900706
1.01 5.12902048765973e-06
25.67 0.000168926295796012
179.48 0.0754900090143167
159.688282
