2460935.605731819291
Ager 20
0.2809, 0.3309, 0.3809, 0.4309
347.40512, 347.24312, 347.02266, 346.87272
-22.91264, -23.04899, -23.23384, -23.35909
0.744033333
42.017627778
736
Segorbe 63
0.0000, 0.0500, 0.1000, 0.1500, 0.2000, 0.2500, 0.3000, 0.3500, 0.4000, 0.4500, 0.5000, 0.5500
325.30916, 324.53566, 323.70847, 322.87770, 321.99414, 321.08053, 320.10120, 319.61995, 318.63282, 317.82537, 317.30756, 316.43083
32.85848, 32.94902, 33.04038, 33.12645, 33.21178, 33.29328, 33.37306, 33.40940, 33.47804, 33.52829, 33.55773, 33.60262
-0.396900000
39.759000000
261
Zaragoza 93
0.2667, 0.3167, 0.3667, 0.4167, 0.4667, 0.5167
13.63259, 13.52036, 13.36011, 13.26065, 13.21644, 13.05833
-24.07105, -24.50463, -25.11839, -25.49619, -25.66332, -26.25716
-0.927380555
41.641700000
271
