2025-09-23T04:21:53.9870
66
97
112.649350892109
354.48953 29.81246
354.16779 29.66989
03:18:55.09 39:51:09.98
03:38:57.22 39:46:28.92
02:52:41.51 39:57:11.72
03:12:28.59 39:52:39.47
233.741129101166
252.729497429066
94.0292860278407
83.3657159044078
66.0135907397171
49.9429352232182
87.3316698844146
71.2200044899719
34.169451556659
33.8658262619556
1.4500
23.5651382296453
24.8418638774476
141.245557142579 DSX
34.1114113824371 STA
24.10 0.0735259554384642 
21.35 2.11086013237605e-05
350.27 0.00618750000001
27.11 0.00506199999999879
19.56 0.00299696968778207
1.06 0.000154995525400548
1.89 0.000631604250536322
0.66 7.86510123079731e-05
0.63 6.87831416189555e-05
23.26 0.00131681336381817
265.57 0.0128279277935803
179.919640
23.64 0.0735259554384642 
20.74 0.0835406246512669
350.06 0.0352890000000343
26.98 0.0226210000000009
18.86 0.0843002066626468
1.07 0.000145809038435418
1.85 0.0108159660445459
0.65 0.00254218837127018
0.65 0.00103763427037573
23.35 0.0222784327687613
264.56 0.0331117658495259
180.408911
