1041.886 144.245
1041.657 142.467
1041.387 140.621
1041.223 138.755
1040.946 137.022
1040.801 135.078
1040.592 133.290
1040.282 131.520
1040.126 129.744
1039.787 127.997
1039.610 126.229
1039.388 124.396
1039.096 122.706
1038.564 119.256
1038.255 117.579
1038.020 115.814
1037.757 114.169
1037.567 112.453
1037.355 110.800
1036.956 109.593
1036.753 107.549
1036.173 104.286
1035.838 102.704
1035.498 101.295
1035.308 99.692
1034.996 98.182
1034.730 96.582
1034.394 95.100
1034.022 93.453
1033.704 92.215
