59 1 15
Detecciones/2025/20250921/Alicante
2025-09-21T22:18:12.4314 F221812-001.jpg  198 534 195 531 3
2025-09-21T22:18:12.4814 F221812-002.jpg  195 529 192 526 3
2025-09-21T22:18:12.5314 F221812-003.jpg  191 524 188 521 3
2025-09-21T22:18:12.5814 F221812-004.jpg  187 519 185 516 3
2025-09-21T22:18:12.6314 F221812-005.jpg  184 515 181 511 3
2025-09-21T22:18:12.6814 F221812-006.jpg  180 509 177 505 3
2025-09-21T22:18:12.7314 F221812-007.jpg  176 503 173 500 3
2025-09-21T22:18:12.7814 F221812-008.jpg  173 499 170 495 3
2025-09-21T22:18:12.8314 F221812-009.jpg  169 494 167 491 3
2025-09-21T22:18:12.8814 F221812-010.jpg  166 489 163 485 3
2025-09-21T22:18:12.9314 F221812-011.jpg  163 484 160 481 3
2025-09-21T22:18:12.9814 F221812-012.jpg  159 479 157 476 3
2025-09-21T22:18:13.0314 F221812-013.jpg  156 474 154 471 3
2025-09-21T22:18:13.0814 F221812-014.jpg  153 469 151 467 3
2025-09-21T22:18:13.1314 F221812-015.jpg  151 466 147 461 3
2025-09-21T22:18:13.1814 F221812-016.jpg  147 461 145 458 2
2025-09-21T22:18:13.2314
84
Detecciones/2025/20250921/b4-alha07/20250921221812-80015-media.fits
207.16182:305.69362:181.90259:259.25156:7
