2025-09-05T04:15:03.8541
55
66
19.6392011880786
121.71050 26.88733
121.31984 26.96247
03:21:01.77 42:00:04.33
02:53:03.96 41:56:40.23
03:07:34.07 41:58:26.97
02:53:15.68 41:56:41.68
139.551612264266
98.5819647570805
149.507128783721
126.528038415379
98.6716990906953
74.1590514457794
86.8230317987272
74.3289418035765
46.6425134659005
23.8299958397745
0.9500
49.097380131321
49.4593158744149
122.394436100337 ANT1
24.2908114349522 AUR
64.553281666102 SPE
47.74 0.46885990093877 
46.41 3.1524715957687e-05
122.39 0.009051499999984
26.55 0.00711199999999934
113.94 0.0600517119007264
0.04 7.613828359751e-05
1.39 0.000653136696835421
0.99 3.39298954911138e-05
0.02 3.86219951233717e-05
25.59 1.20218435135655e-05
12.22 0.0116128189932372
162.388600
49.57 0.46885990093877 
47.81 0.481530056393268
122.34 0.0213634999999925
26.58 0.0131689999999978
123.78 2.3307002095095
0.05 0.00352050188793814
1.52 0.0673731983433801
0.98 0.000507766279902344
0.02 0.00177972264581326
25.59 0.000314806279888558
14.28 0.707627942558931
162.873246
