2025-09-06T03:32:21.0474
9
30
25.8395911312998
339.57682 0.66182
339.24837 0.52783
-04:44:45.03 37:10:52.30
-04:39:15.20 37:12:43.45
-04:46:43.38 37:10:12.33
-04:31:16.63 37:15:24.11
167.289373118816
170.579841017624
186.791657877203
204.845781233155
64.3571198539039
59.5733692046697
66.0793570448595
52.6737927786944
10.1151439699978
28.3857076331797
0.5500
18.3911724490132
18.6983689454283
55.2589676449667 ANT1
70.5697775652689 SPE
19.21 0.266247501123852 
15.62 8.58875013864946e-05
333.64 0.0256880000000024
-4.15 0.00385200000000019
3.06 0.00465333745746399
1.18 0.000504818064505086
1.84 0.00154030056203536
0.60 0.000218524220406358
0.74 0.000214830618565642
23.31 0.00319388515980634
253.47 0.0437367311640458
163.329603
18.66 0.266247501123852 
14.60 0.335467255384748
333.02 0.241110499999991
-4.71 0.198231
2.71 0.111953145040538
1.19 0.000771966098159771
1.76 0.0340202935374772
0.57 0.0116199836180231
0.76 0.00599476029544188
23.48 0.0681396165924646
251.43 0.466585150583199
163.814481
