4260.65800739688 2695.42703121891 3894.21541782322 0.0519545924585947 0.989999269840579 -0.131157028166931
4260.64817968527 2695.44256580721 3894.21541782322 0.0472502593481488 0.990249907794194 -0.131044012091827
4260.63835191702 2695.45810035967 3894.21541782322 0.0413443911582148 0.990461651530079 -0.131439560894217
4260.62852409213 2695.4736348763 3894.21541782322 0.0362696821487337 0.990686091539835 -0.131246250180169
4260.61869621059 2695.4891693571 3894.21541782322 0.0309584291308448 0.990907992900341 -0.130930994313675
4260.60886827243 2695.50470380207 3894.21541782322 0.0259943114726507 0.991039503180144 -0.131015262116733
4260.59904027762 2695.5202382112 3894.21541782322 0.0203576840971645 0.991210055267982 -0.130721807797494
4260.58921222617 2695.5357725845 3894.21541782322 0.01547294251186 0.991372698482776 -0.130156677711915
4260.57938411808 2695.55130692196 3894.21541782322 0.0100206865662783 0.991492319964399 -0.129778909274022
4260.56955595335 2695.56684122359 3894.21541782322 0.00492903829970908 0.991485351382768 -0.130124949855237
4260.55972773199 2695.58237548939 3894.21541782322 -0.000311011284872294 0.991513682431241 -0.130002003152338
4260.54989945398 2695.59790971935 3894.21541782322 -0.00461556674467937 0.991591290656987 -0.129326752208646
