692.814087 855 1.872926 0.247280
693.314758 856 1.876430 0.245773
694.324036 857 1.880943 0.244997
695.257385 858 1.885303 0.244100
696.084534 859 1.889449 0.243041
697.372253 860 1.894513 0.242627
698.105896 861 1.898467 0.241414
699.201294 862 1.903143 0.240702
700.212891 863 1.907649 0.239859
701.268066 864 1.912239 0.239066
702.242249 865 1.916665 0.238148
702.957031 866 1.920566 0.236865
703.856384 867 1.924834 0.235826
704.974304 868 1.929539 0.235074
706.026917 869 1.934109 0.234222
707.091797 870 1.938701 0.233374
708.094971 871 1.943164 0.232432
709.120422 872 1.947669 0.231510
710.293579 873 1.952468 0.230770
711.257751 874 1.956840 0.229745
712.173584 875 1.961110 0.228648
713.479309 876 1.966165 0.228044
714.443359 877 1.970522 0.226989
715.412231 878 1.974884 0.225931
716.091797 879 1.978652 0.224498
716.653503 880 1.982176 0.222913
717.080017 881 1.985419 0.221156
