2025-09-05T21:20:37.4535
66
55
147.416012229229
283.54917 60.59102
283.46673 60.55752
02:19:10.02 41:57:30.51
02:19:50.54 41:56:37.62
02:18:44.26 41:58:04.12
02:19:22.74 41:57:13.91
106.020971545795
102.23827711972
100.13045831349
95.7618537536175
82.2081686682541
77.9075655731549
84.9442323581115
80.8573622699832
4.70329280612363
4.46916090362999
0.2000
23.5164584238576
24.0486662350903
81.92447723585 ANT1
80.2542181649932 AUR
68.0276131291657 SPE
21.66 1.45454664497417 
18.55 0.000277108485629896
278.85 0.131555000000048
61.42 0.0351664999999954
31.03 0.0148618193256915
1.46 0.00133050836368875
1.86 0.00430954684737728
0.46 0.00119941742086055
1.00 0.000101034844982806
23.16 0.00904094442188708
191.12 0.100673725994085
163.079634
24.97 1.45454664497417 
20.67 1.6548930893485
279.37 0.508328000000006
61.24 0.11997499999999
33.62 2.0236200459123
1.57 0.0843928676366921
2.42 0.477423042576161
0.57 0.0847746073979012
1.00 0.000382559970023122
21.87 1.11449658715617
190.70 0.232740304252331
163.564450
