2460920.437966916710
Ager 20
0.0000, 0.0500, 0.1000, 0.1500, 0.2000, 0.2500, 0.3000, 0.3500, 0.4000, 0.4500, 0.5000, 0.5500, 0.6000, 0.6500, 0.7000, 0.7500, 0.8000, 0.8500, 0.9000, 0.9500, 1.0000
260.13312, 259.41380, 258.71626, 258.00410, 257.35571, 256.70358, 256.06230, 255.43892, 254.84355, 254.24611, 253.67062, 253.11485, 252.59227, 252.07652, 251.56320, 251.08425, 250.58191, 250.08022, 249.63383, 249.18607, 248.67129
19.80537, 19.38273, 18.96807, 18.53988, 18.14581, 17.74548, 17.34793, 16.95786, 16.58203, 16.20169, 15.83235, 15.47294, 15.13258, 14.79441, 14.45564, 14.13761, 13.80208, 13.46499, 13.16342, 12.85939, 12.50801
0.744033333
42.017627778
736
Zaragoza 93
0.2644, 0.3144, 0.3644, 0.4144, 0.4644, 0.5144, 0.5644
288.14837, 285.43373, 282.85692, 280.42483, 278.09300, 275.87786, 273.63762
54.12137, 53.45972, 52.75323, 52.01178, 51.22842, 50.41429, 49.51712
-0.927380555
41.641700000
271
