2025-09-17T00:49:39.5446
65
20
28.0112701274178
18.32998 -3.67370
18.00346 -3.80958
02:14:48.68 41:59:27.37
02:11:58.62 42:10:58.52
02:14:47.27 41:59:33.11
02:11:56.57 42:11:06.82
115.127314368031
105.850736172864
154.466207278151
140.541214450752
89.3480081158232
68.2010796257855
89.1713108742651
67.9486406331516
30.4827853273035
30.5930630570802
0.8500
35.8621044086827
37.1174214873984
54.5641271452754 SPE
123.968311866221 DSX
37.10 0.152376695000307 
35.37 3.15742334606739e-05
17.93 0.00632149999999854
-4.83 0.0024835000000003
22.10 0.0110151081974763
0.40 0.000152209771855538
2.66 0.00187173579328004
0.92 2.68277288504315e-05
0.21 7.63666029089671e-05
21.46 0.00458253859585511
130.81 0.0138339673586927
353.915106
36.01 0.152376695000307 
34.07 0.160381520236861
17.94 0.00493499999999969
-4.91 0.0135320000000005
20.70 0.141213505531869
0.43 0.00207539797427664
2.33 0.0478495612392789
0.90 0.00251353651112429
0.22 0.00138165111995331
22.25 0.109973909579629
129.61 0.0396114424160885
354.402729
