4695.3215966178 837.957112876789 4221.42468108367 0.293747562631743 0.615143033803447 0.731649791506156
4695.31854134636 837.97423228609 4221.42468108367 0.280347576325182 0.614284641265625 0.737603969589209
4695.3154860125 837.99135168425 4221.42468108367 0.267563957956362 0.613304454522416 0.743146805460191
4695.30937515752 838.02559044715 4221.42468108367 0.239587853516364 0.610910369891717 0.754576822070614
4695.3063196364 838.042709811889 4221.42468108367 0.225738846045053 0.609433742940704 0.760021372299182
4695.30020840691 838.076948507946 4221.42468108367 0.197216950968871 0.606030787583292 0.770605060164879
4695.29409692775 838.111187159438 4221.42468108367 0.167212793864037 0.601687285044113 0.781032837071801
4695.28798519891 838.145425766363 4221.42468108367 0.136736905219134 0.596945531227379 0.790543516511745
4695.28187322125 838.179664324025 4221.42468108367 0.107108916438675 0.591333652180255 0.799282297951415
4695.27576099307 838.213902841812 4221.42468108367 0.0756731178010658 0.585014203108051 0.807484960481691
4695.26964851522 838.248141315027 4221.42468108367 0.046629759682559 0.578820781311276 0.814120487786759
