1218.661865 353 1.434071 0.441466
1218.474976 354 1.432216 0.440733
1218.346924 355 1.430475 0.439909
1217.869507 356 1.428083 0.439602
1217.598511 357 1.426082 0.438983
1216.963379 358 1.423401 0.438900
1216.566284 359 1.421169 0.438460
1216.618652 360 1.419785 0.437351
1216.416504 361 1.417926 0.436615
1216.120728 362 1.415896 0.436013
1215.313110 363 1.412908 0.436160
1214.881348 364 1.410629 0.435749
1214.566772 365 1.408573 0.435162
1214.576660 366 1.407131 0.434096
1214.485474 367 1.405503 0.433176
1214.135620 368 1.403392 0.432630
1212.871460 369 1.399565 0.433410
1212.864502 370 1.398105 0.432355
1212.689941 371 1.396334 0.431542
1212.572021 372 1.394674 0.430643
1212.272949 373 1.392675 0.430002
1211.927734 374 1.390594 0.429425
1210.923096 375 1.387274 0.429793
1210.847534 376 1.385708 0.428819
1210.654541 377 1.383923 0.428010
1210.507324 378 1.382229 0.427133
1209.852295 379 1.379581 0.426979
1209.479126 380 1.377467 0.426417
1208.841919 381 1.374860 0.426228
1208.476196 382 1.372767 0.425646
1208.550781 383 1.371508 0.424436
1208.335083 384 1.369706 0.423635
1207.404297 385 1.366558 0.423843
1207.040405 386 1.364483 0.423244
1206.609497 387 1.362284 0.422735
1206.636963 388 1.360955 0.421577
1206.336914 389 1.359011 0.420877
1205.927124 390 1.356863 0.420327
1205.002319 391 1.353745 0.420495
1204.728516 392 1.351861 0.419746
1204.555664 393 1.350171 0.418852
1204.504761 394 1.348715 0.417786
1203.992310 395 1.346390 0.417359
1203.638794 396 1.344369 0.416707
1202.715088 397 1.341273 0.416842
1202.636963 398 1.339780 0.415801
1202.328369 399 1.337854 0.415075
1202.009644 400 1.335913 0.414360
1201.365967 401 1.333360 0.414088
1201.235718 402 1.331782 0.413106
1200.557007 403 1.329169 0.412874
1200.543335 404 1.327819 0.411726
1199.878174 405 1.325239 0.411466
1199.607178 406 1.323408 0.410664
1198.730225 407 1.320434 0.410683
1198.518555 408 1.318722 0.409792
1198.373535 409 1.317141 0.408808
1198.088501 410 1.315298 0.408010
1197.108154 411 1.312140 0.408150
1196.762451 412 1.310189 0.407426
1196.478760 413 1.308358 0.406616
1196.474243 414 1.307060 0.405427
1195.757446 415 1.304415 0.405192
1195.327759 416 1.302318 0.404567
1194.698853 417 1.299847 0.404205
1194.571289 418 1.298330 0.403168
1194.151489 419 1.296261 0.402519
1193.817017 420 1.294359 0.401752
1192.892578 421 1.291340 0.401766
1192.710449 422 1.289732 0.400789
1192.471802 423 1.288022 0.399885
1192.289062 424 1.286420 0.398904
1190.969238 425 1.282664 0.399419
1190.713989 426 1.280931 0.398525
1190.506348 427 1.279293 0.397566
1190.496216 428 1.278033 0.396346
1189.646973 429 1.275183 0.396222
1189.142456 430 1.272991 0.395641
1188.537109 431 1.270611 0.395188
1188.507446 432 1.269327 0.393982
1187.896362 433 1.266943 0.393529
1187.634399 434 1.265225 0.392619
1186.723755 435 1.262278 0.392545
1186.491577 436 1.260623 0.391589
1186.288696 437 1.259028 0.390593
1185.932495 438 1.257144 0.389791
1184.961182 439 1.254095 0.389777
1184.757690 440 1.252508 0.388771
1184.357300 441 1.250551 0.388015
1184.148315 442 1.248961 0.387011
1183.201416 443 1.245971 0.386946
1182.788452 444 1.243999 0.386195
