2460941.681849385612
Cabrils 55
0.4676, 0.5176, 0.5676, 0.6176, 0.6676, 0.7176, 0.7676, 0.8176, 0.8676, 0.9176, 0.9676, 1.0176, 1.0676, 1.1176, 1.1676, 1.2176, 1.2676, 1.3176, 1.3676, 1.4176, 1.4676, 1.5176, 1.5676, 1.6176, 1.6676, 1.7176, 1.7676, 1.8176, 1.8676, 1.9176, 1.9679, 2.0179, 2.0679, 2.1179, 2.1679, 2.2179, 2.2679, 2.3179, 2.3679, 2.4179, 2.4679, 2.5179, 2.5679, 2.6179, 2.6679, 2.7179, 2.7679, 2.8179, 2.8679, 2.9179, 2.9679, 3.0179, 3.0679, 3.1179, 3.1679, 3.2179, 3.2679, 3.3179, 3.3679, 3.4179, 3.4728, 3.5228, 3.5728, 3.6228, 3.6728, 3.7228, 3.7728, 3.8228, 3.8728, 3.9228, 3.9728, 4.0228, 4.0728, 4.1228, 4.1728, 4.2228, 4.2728
85.88205, 86.19060, 86.50252, 86.80766, 87.11757, 87.38737, 87.79892, 88.03960, 88.33829, 88.65252, 88.94760, 89.24883, 89.55429, 89.86394, 90.16412, 90.45682, 90.76453, 91.07629, 91.37450, 91.68116, 91.98715, 92.27526, 92.57478, 92.87447, 93.16822, 93.47317, 93.77494, 94.05932, 94.35092, 94.65380, 94.95028, 95.24162, 95.55650, 95.82433, 96.15198, 96.37476, 96.71698, 97.02744, 97.31168, 97.56829, 97.90527, 98.15546, 98.44593, 98.72206, 99.00392, 99.27125, 99.56838, 99.83327, 100.11613, 100.34057, 100.61584, 100.93968, 101.20121, 101.47256, 101.72588, 102.00275, 102.24839, 102.51753, 102.79625, 103.06250, 103.30907, 103.52978, 103.78647, 104.01342, 104.25190, 104.46749, 104.68320, 104.90116, 105.10981, 105.31916, 105.52202, 105.73363, 105.92943, 106.13379, 106.32332, 106.52451, 106.58284
-23.53031, -23.67514, -23.82061, -23.96200, -24.10466, -24.22810, -24.41501, -24.52355, -24.65746, -24.79739, -24.92791, -25.06026, -25.19357, -25.32777, -25.45696, -25.58209, -25.71271, -25.84412, -25.96891, -26.09633, -26.22255, -26.34056, -26.46237, -26.58337, -26.70112, -26.82246, -26.94164, -27.05314, -27.16664, -27.28365, -27.39733, -27.50819, -27.62708, -27.72745, -27.84928, -27.93152, -28.05691, -28.16968, -28.27210, -28.36390, -28.48347, -28.57154, -28.67303, -28.76875, -28.86570, -28.95694, -29.05755, -29.14653, -29.24080, -29.31505, -29.40546, -29.51089, -29.59531, -29.68220, -29.76269, -29.84996, -29.92678, -30.01029, -30.09605, -30.17728, -30.25191, -30.31823, -30.39477, -30.46194, -30.53199, -30.59486, -30.65732, -30.72000, -30.77958, -30.83895, -30.89609, -30.95529, -31.00969, -31.06609, -31.11805, -31.17284, -31.18865
2.385500000
41.519805556
147
Consell 97
0.0000, 0.0500, 0.1000, 0.1500, 0.2000, 0.2500, 0.3000, 0.3500, 0.4000, 0.4500, 0.5000, 0.5500, 0.6000, 0.6500, 0.7000, 0.7500, 0.8000, 0.8500, 0.9000, 0.9500, 1.0000, 1.0500, 1.1000, 1.1500, 1.2000, 1.2500, 1.3000, 1.3500, 1.4000, 1.4500
78.25540, 79.43280, 80.62067, 81.76151, 82.94610, 84.17711, 85.32045, 86.53087, 87.74484, 88.90903, 90.14101, 91.28549, 92.43685, 93.63766, 94.75462, 95.99175, 97.05102, 98.19463, 99.34057, 100.43036, 101.50521, 102.61130, 103.65037, 104.78802, 105.71267, 106.79590, 107.73829, 108.80790, 109.80083, 110.67483
59.36166, 59.23584, 59.09710, 58.95248, 58.79031, 58.60854, 58.42737, 58.22231, 58.00259, 57.77833, 57.52616, 57.27784, 57.01396, 56.72328, 56.43827, 56.10563, 55.80619, 55.46725, 55.11080, 54.75566, 54.38943, 53.99545, 53.60901, 53.16710, 52.79296, 52.33699, 51.92430, 51.43721, 50.96665, 50.53732
2.805000000
39.666666667
146
Masquefa 66
2.2001, 2.2501, 2.3001, 2.3501, 2.4001, 2.4501, 2.5001, 2.5501, 2.6001, 2.6501, 2.7001, 2.7501, 2.8001, 2.8501, 2.9001, 2.9501, 3.0001, 3.0501, 3.1001, 3.1501, 3.2001, 3.2501, 3.3001, 3.3501, 3.4001, 3.4501, 3.5001, 3.5501, 3.6001, 3.6501
106.77672, 107.00831, 107.24815, 107.49556, 107.72097, 107.98106, 108.21795, 108.44903, 108.68756, 108.91559, 109.15340, 109.39913, 109.62290, 110.08394, 110.30694, 110.54578, 110.76730, 111.00216, 111.22788, 111.38364, 111.66634, 112.10959, 112.32321, 112.51235, 112.73562, 112.94128, 113.16226, 113.36403, 113.58887, 113.75680
-24.42590, -24.50882, -24.59420, -24.68177, -24.76108, -24.85206, -24.93442, -25.01428, -25.09625, -25.17414, -25.25490, -25.33783, -25.41290, -25.56620, -25.63970, -25.71794, -25.79007, -25.86608, -25.93868, -25.98853, -26.07846, -26.21809, -26.28477, -26.34349, -26.41241, -26.47551, -26.54291, -26.60408, -26.67184, -26.72216
1.826530000
41.507030000
245
Mataro 44
1.2143, 1.3143, 1.4143, 1.5143, 1.6143, 1.7143, 1.8143, 1.9143, 2.0143, 2.1143, 2.2143, 2.3143, 2.4143, 2.5143, 2.6143, 2.7143, 2.8143, 2.9165, 3.0165, 3.1165, 3.2165, 3.3165, 3.4165, 3.5165, 3.6165, 3.7165, 3.8165, 3.9165, 4.0165, 4.1165, 4.2165, 4.3165, 4.4165
87.95505, 88.57249, 89.21048, 89.82327, 90.46362, 91.04843, 91.65682, 92.27020, 92.86260, 93.45867, 94.04110, 94.64515, 95.09948, 95.91344, 96.33973, 96.98386, 97.52450, 98.12650, 98.68688, 99.22158, 99.78793, 100.32492, 100.83847, 101.36691, 101.87014, 102.35898, 102.81922, 103.27960, 103.72639, 104.12610, 104.55325, 104.97867, 105.37986
-25.39926, -25.67265, -25.95111, -26.21471, -26.48613, -26.73042, -26.98092, -27.22971, -27.46641, -27.70104, -27.92688, -28.15753, -28.32863, -28.63002, -28.78525, -29.01640, -29.20726, -29.41640, -29.60789, -29.78774, -29.97520, -30.15005, -30.31466, -30.48138, -30.63765, -30.78711, -30.92574, -31.06238, -31.19305, -31.30834, -31.42987, -31.54920, -31.66016
2.449652778
41.538827778
19
Segorbe 63
2.3094, 2.3594, 2.4094, 2.4594, 2.5094, 2.5594, 2.6094, 2.6594, 2.7094, 2.7594, 2.8094, 2.8594, 2.9094, 2.9594, 3.0094, 3.1094, 3.1594, 3.2094, 3.2594, 3.3094, 3.3594, 3.4094, 3.4594, 3.5594, 3.6094, 3.6594, 3.7094, 3.7594
151.55898, 151.60874, 151.66612, 151.74093, 151.81086, 151.87552, 151.93847, 151.99407, 152.07442, 152.10863, 152.15471, 152.23693, 152.31279, 152.36273, 152.41551, 152.54396, 152.59300, 152.65427, 152.69637, 152.74907, 152.72679, 152.85984, 152.82270, 152.98730, 153.12370, 153.14668, 153.21157, 153.26451
8.34158, 8.25221, 8.14909, 8.01457, 7.88872, 7.77227, 7.65883, 7.55858, 7.41360, 7.35186, 7.26865, 7.12007, 6.98291, 6.89254, 6.79701, 6.56432, 6.47543, 6.36430, 6.28792, 6.19226, 6.23271, 5.99107, 6.05853, 5.75936, 5.51114, 5.46930, 5.35111, 5.25465
-0.396900000
39.759000000
261
