2025-09-10T02:07:35.4400
66
26
135.107123784106
48.29813 39.97686
47.87943 39.88170
02:12:37.83 42:47:54.59
02:07:32.87 42:47:53.06
02:13:27.06 42:47:54.82
02:07:18.93 42:47:52.99
178.152630823258
166.100739196955
182.070713775671
163.024561612402
97.6636183455366
77.0147244750751
101.00966121059
76.0742443175213
21.8120167101264
26.3394273997279
0.3500
62.3200647240882
65.6001860072336
58.2791024011501 ANT1
0.150138681882315 SPE
87.790804759939 DSX
65.66 0.531980990203466 
64.70 2.56580933069017e-05
48.10 0.00661699999999854
40.02 0.00331200000000109
138.86 0.00933999633215876
1.46 0.000140389468112234
40.21 0.366778257277552
0.98 0.000167982464034933
0.74 0.000110212527299591
-229.20 3.488726678072
242.73 0.0123379162552339
167.155095
62.88 0.563723076517226 
61.31 0.573034305159368
48.12 0.0035220000000038
40.02 0.00259099999999535
136.87 0.338606369049899
1.21 0.0378294143757312
3.42 0.528805171386583
0.80 0.0280826620358371
0.67 0.0105516890162509
19.42 1.46895602104996
255.18 2.25870793665177
167.640937
