1096.360107 110 1.978706 0.797018
1095.881592 111 1.975148 0.797662
1095.608521 112 1.971873 0.797934
1094.913330 113 1.968013 0.798946
1094.507324 114 1.964553 0.799437
1094.327393 115 1.961410 0.799520
1094.053345 116 1.958138 0.799763
1092.609253 117 1.953213 0.802058
1092.317505 118 1.949912 0.802313
1091.588013 119 1.945989 0.803329
1091.495483 120 1.942974 0.803219
1091.553223 121 1.940179 0.802839
1091.065674 122 1.936603 0.803407
1089.034302 123 1.930793 0.806659
1088.625977 124 1.927323 0.807068
1088.175415 125 1.923792 0.807541
1088.242065 126 1.921018 0.807109
1087.310669 127 1.916784 0.808401
1086.694458 128 1.913010 0.809136
1085.423096 129 1.908263 0.810994
1085.341187 130 1.905277 0.810788
1085.224609 131 1.902242 0.810636
1084.602173 132 1.898455 0.811346
1083.346680 133 1.893715 0.813134
1083.200684 134 1.890640 0.813008
1082.239502 135 1.886335 0.814270
1082.034180 136 1.883173 0.814230
1081.460327 137 1.879453 0.814812
1080.984863 138 1.875883 0.815217
1079.518799 139 1.870792 0.817297
1079.394897 140 1.867760 0.817087
1079.115601 141 1.864492 0.817133
1078.421265 142 1.860582 0.817874
1077.412842 143 1.856181 0.819135
1077.342529 144 1.853243 0.818805
1076.423096 145 1.848977 0.819897
1076.171021 146 1.845759 0.819858
1075.330688 147 1.841613 0.820797
1074.923950 148 1.838153 0.821001
1074.578369 149 1.834793 0.821095
1074.431274 150 1.831751 0.820851
