2025-09-06T03:32:21.0474
9
85
74.3774820120245
339.99784 0.60481
339.66933 0.47046
-04:44:59.29 37:10:58.95
-04:39:32.98 37:12:50.93
-04:48:19.60 37:09:50.03
-04:09:03.84 37:23:12.39
166.841729611909
170.043703687499
101.759929614252
50.3461691642309
64.1800933922068
59.3800552545035
67.1383466427178
32.8986350388714
10.0603181659209
72.2169173395915
0.5500
18.291489160231
18.4462107559476
55.6787630324914 ANT1
70.2997513280122 SPE
19.12 0.209799556887038 
15.50 3.05506261195632e-05
334.03 0.0115690000000086
-4.26 0.00775300000000012
2.93 0.00475091567912633
1.17 0.000263375175852065
1.80 0.000791429689485978
0.59 0.000117386323679414
0.74 0.000111150032126806
23.38 0.00162591176423277
254.05 0.0230521640112613
163.329603
18.50 0.209799556887038 
14.47 0.265186964432941
333.40 0.183684999999969
-4.82 0.163967
2.59 0.0882032809869822
1.18 0.000614349308486473
1.73 0.0250160717573344
0.56 0.00907495390881952
0.76 0.00475351941614821
23.54 0.0496486907722691
251.98 0.364006954184902
163.814481
