2025-09-10T02:07:35.2331
26
55
117.745947593215
47.98355 39.92664
47.56545 39.83090
02:12:31.52 42:47:41.77
02:07:24.99 42:47:41.60
02:12:19.56 42:47:41.77
02:07:36.55 42:47:41.61
179.603676754749
163.63398942656
174.500528821695
164.778454718166
98.5317977812365
77.5150171847181
97.7089924171833
78.3050449652319
22.1724176078161
20.470905948779
0.3500
63.3497387016094
68.8927771143234
58.0442529182395 ANT1
0.373733324456188 SPE
88.0301567530435 DSX
69.18 0.510673571705924 
68.27 6.45003628676477e-05
47.77 0.0136924999999977
39.97 0.00881600000000304
140.29 0.0216967895142091
1.73 0.000494789350956593
-3.21 0.00550522249218366
1.24 0.000395490232032891
0.77 0.000258778075354904
25.77 2.41898947557218e-05
234.76 0.0313845277665052
167.155095
63.86 0.510673571705924 
62.35 0.518829888931982
47.80 0.0107174999999984
39.97 0.0081585000000004
137.32 0.305660149446055
1.28 0.0355061239096524
5.06 1.06382174259192
0.86 0.0281298784895392
0.69 0.00885069536376204
14.23 3.58577981305469
251.72 1.86903764911472
167.640937
