104 348.100922 4.160186 1.418995
103 348.135864 4.157945 1.416813
102 348.130707 4.155339 1.414635
101 348.177979 4.153341 1.412447
100 348.196259 4.151096 1.410259
99 348.225189 4.149012 1.408068
98 348.164215 4.146087 1.405885
97 348.146790 4.143659 1.403693
96 348.276306 4.142706 1.401482
95 348.375305 4.141480 1.399271
94 348.508179 4.140598 1.397055
93 348.563202 4.139009 1.394844
92 348.580078 4.137105 1.392636
91 348.572723 4.135023 1.390427
90 348.640594 4.133657 1.388207
89 348.711243 4.132343 1.385985
88 348.683563 4.130198 1.383770
87 348.699677 4.128476 1.381547
86 348.718750 4.126813 1.379322
85 348.687714 4.124763 1.377098
84 348.648193 4.122683 1.374872
83 348.663849 4.121099 1.372638
82 348.727386 4.119934 1.370397
81 348.797821 4.118844 1.368153
80 348.927094 4.118239 1.365902
79 348.915649 4.116539 1.363659
78 348.929230 4.115065 1.361411
77 348.953125 4.113696 1.359160
76 349.000000 4.112525 1.356904
75 349.036591 4.111297 1.354646
74 349.082916 4.110162 1.352385
73 349.137939 4.109109 1.350120
72 349.427338 4.109775 1.347838
71 349.393524 4.108098 1.345574
70 349.324493 4.106200 1.343308
69 349.252045 4.104311 1.341038
68 349.248779 4.102938 1.338762
67 349.399414 4.102648 1.336475
66 349.603912 4.102726 1.334183
65 349.671600 4.101873 1.331894
64 349.641571 4.100377 1.329608
63 349.621704 4.098973 1.327317
62 349.568878 4.097374 1.325025
61 349.500000 4.095697 1.322729
60 349.429840 4.094038 1.320430
59 349.416901 4.092771 1.318126
58 349.446808 4.091793 1.315817
57 349.509552 4.091034 1.313504
