2025-09-05T04:15:03.7731
66
44
27.4071827802837
121.41594 30.65326
121.01464 30.72778
03:09:44.96 41:59:38.21
02:55:04.47 41:57:08.00
03:18:57.43 42:01:11.41
02:50:17.93 41:56:18.68
154.418116521912
129.551522858443
135.253435555869
91.4772176552047
90.0543309350214
75.8755434756276
99.0086286123378
71.2856747942078
25.3983011619091
49.623379495162
0.4500
56.440663268019
57.6573683808952
120.949402498052 ANT1
22.038244986887 AUR
62.2779290916049 SPE
56.63 1.07377545984716 
55.51 2.36843491308036e-05
121.87 0.00496949999998719
30.50 0.00753600000000176
132.96 0.018887144444534
0.20 0.000203356524368009
7.61 0.0119742920793291
0.99 3.45728064365947e-05
0.10 0.000104119688846702
25.59 1.37753684690267e-05
35.77 0.0172473311067733
162.388600
57.51 1.07377545984716 
55.32 1.09552325461477
121.87 0.0227425000000068
30.50 0.0136859999999999
133.56 1.86064787350432
0.20 0.0209255080186994
8.07 4.08140608385717
0.98 0.00700706221492042
0.10 0.0101860231219664
25.59 0.000367551333646077
35.80 2.62936511838505
162.873246
