2025-09-23T04:21:54.0963
63
55
103.342749443027
354.13219 29.62687
353.81089 29.48439
03:21:27.19 39:50:24.66
03:39:53.46 39:46:05.52
02:57:51.40 39:55:51.25
03:46:26.67 39:44:32.58
329.454206371967
352.756269280469
202.35392998953
234.815263850441
63.2506768527783
48.7010581667228
82.0987638481492
43.56693759891
31.3321777977223
82.6627464062316
1.4500
23.1646246978489
27.9927949845815
141.595658658267 DSX
34.2328608225263 STA
19.44 0.110498218745764 
15.90 4.23471051025359e-05
347.37 0.0089839999999981
25.32 0.0108025000000005
14.09 0.00483456008628202
1.07 0.000195308114834924
1.45 0.00046510862008442
0.51 0.000100633049148313
0.71 8.19370986637757e-05
24.12 0.000870126052845421
262.07 0.0205070884184124
179.919640
23.28 0.110498218745764 
20.28 0.126191007965524
349.53 0.0553120000000149
26.67 0.0387290000000036
18.30 0.128017362906419
1.07 0.000222621607018691
1.82 0.0156399808764836
0.64 0.00386591161647443
0.65 0.00160000736701826
23.39 0.0320193349186546
263.68 0.0560788529492129
180.408911
