2025-09-02T04:24:22.2405
20
66
122.243138166193
45.83936 58.92379
45.34035 58.82422
01:28:17.87 42:52:05.50
01:28:36.23 42:49:58.13
01:28:18.12 42:52:03.74
01:28:39.07 42:49:38.43
149.03347703072
137.940337336523
183.326763094686
171.395460752205
96.4161135063141
82.7886386353621
96.2275822029651
80.6856261388948
14.2049889871214
16.200852353948
0.2500
56.8199559484855
65.5035916545883
73.7976883337605 ANT1
35.962716862276 AUR
65.74 0.667964954404326 
64.78 2.89614480095679e-05
45.13 0.0131049999999959
59.02 0.00316949999999849
115.39 0.00714175884627366
2.43 0.000212421876830238
-2.17 0.00139539791888943
1.46 0.000280936921701169
0.99 4.57897884637015e-05
25.69 2.89824553263429e-05
194.80 0.0170844669102053
159.489802
57.49 0.668009202806762 
55.71 0.681350806457459
45.12 0.014537500000003
59.07 0.00654749999999638
109.61 0.525081829124318
1.66 0.0509952046492825
3.34 0.554430772190242
0.70 0.0492768821005644
0.97 0.00181375136098294
19.56 1.52072898986575
203.80 1.12108733625817
159.973749
