272 652.992676 4.792510 1.341453
271 653.345276 4.785096 1.339350
270 653.814758 4.778302 1.337017
269 654.180664 4.771199 1.334864
268 654.666809 4.764724 1.332477
267 655.016602 4.757797 1.330330
266 655.488464 4.751500 1.327947
265 655.917114 4.745137 1.325633
264 656.407593 4.739147 1.323196
263 656.797729 4.732844 1.320931
262 657.265137 4.726972 1.318516
261 657.675232 4.720965 1.316195
260 658.038208 4.714862 1.313948
259 658.304626 4.708455 1.311864
258 658.725220 4.702792 1.309494
257 659.324158 4.697970 1.306798
256 659.773499 4.692615 1.304359
255 660.062683 4.686684 1.302195
254 660.644043 4.682057 1.299507
253 661.032959 4.676717 1.297149
252 661.351624 4.671173 1.294905
251 661.677551 4.665743 1.292640
250 662.121216 4.660881 1.290161
