2025-09-15T04:13:22.1410
63
93
20.1487635822538
97.72871 45.98554
97.25259 46.00478
-00:17:43.16 40:49:20.75
-00:22:27.74 40:47:44.07
-00:18:16.36 40:49:09.48
-00:23:57.28 40:47:13.60
153.711810578626
143.026415452133
143.042253372389
132.546759890132
96.1614208848159
83.0709689206824
94.6316595051685
78.9628034496973
15.0426502182051
18.0080975665967
0.2500
60.1706008728205
62.5156027315624
90.1247814881805 ANT1
32.4838756184947 SPE
59.3308106658632 DSX
63.12 1.31707609779548 
62.12 0.000153367684504246
97.70 0.0255865000000028
46.13 0.0304815000000005
137.17 0.0515448577100699
1.44 0.00121004389857693
2.65 0.00657309112838034
0.68 0.000848921190211627
0.86 0.000619579967836459
25.61 0.000173897617251839
129.07 0.117348584599824
172.103859
61.49 1.31707609779548 
59.12 1.34046224760655
97.74 0.0260715000000147
46.12 0.0296919999999972
135.55 0.877774899147141
1.23 0.0923914264868255
1.68 0.270812933416731
0.50 0.0645414828446882
0.82 0.0267776468124912
25.58 0.0155215048771886
115.33 8.19125618066948
172.590996
