562 99.937500 1.374630 -0.043920
563 98.406776 1.374985 -0.049719
564 98.692986 1.372139 -0.050662
565 99.310341 1.368709 -0.050725
566 97.810394 1.369025 -0.056444
567 97.500000 1.367243 -0.058990
568 96.252472 1.367124 -0.064035
569 95.668793 1.365835 -0.067312
570 94.456520 1.365665 -0.072265
571 94.044052 1.364080 -0.075088
572 93.499382 1.362735 -0.078266
573 93.417519 1.360570 -0.080215
574 92.000000 1.360785 -0.085715
575 91.754562 1.358919 -0.088102
576 90.109230 1.359551 -0.094207
577 89.797791 1.357811 -0.096773
578 89.034966 1.356881 -0.100538
579 89.483406 1.353790 -0.101095
580 87.825958 1.354466 -0.107232
581 87.650688 1.352497 -0.109445
582 85.979637 1.353209 -0.115618
583 85.924171 1.351033 -0.117518
584 85.024330 1.350374 -0.121652
585 84.184784 1.349611 -0.125628
586 83.892975 1.347869 -0.128159
587 83.709343 1.345936 -0.130407
588 82.128204 1.346520 -0.136343
589 81.695656 1.345042 -0.139250
590 81.918365 1.342386 -0.140433
