2025-09-18T23:36:25.6923
66
20
112.957706640771
11.23740 4.81802
10.90557 4.67760
01:59:44.54 41:47:46.85
01:58:59.53 41:48:52.72
02:00:42.55 41:46:21.88
01:59:29.90 41:48:08.28
96.2417986466363
94.2362326059821
143.471136480834
138.682761491747
88.1027917610809
85.3260332486625
91.6894500252956
87.1992757805556
3.61460987863164
5.84331273179258
0.1000
36.1461332579553
27.6371874864285
54.4338053397257 SPE
131.922253676166 DSX
41.01 18.7803207922635 
39.45 0.00114210798917469
10.77 0.385681
4.08 0.0120940000000003
1.05 0.348318058175583
0.41 0.00993335639892945
-12.59 2.39457016228177
1.02 0.00356269614651006
0.20 0.00456616830342177
25.81 4.75521040712579e-05
125.61 0.828989972660239
355.816818
54.93 18.7803207922635 
33.53 20.2466951097426
11.46 0.428604499999999
2.04 2.3740785
1.79 0.727663690610022
0.53 0.263514753505342
0.13 0.865846023499725
0.81 0.357077019162269
0.33 0.211656128756701
25.35 0.439582822228804
123.80 5.52538536021987
356.304957
