2025-09-23T04:21:51.7869
97
55
105.017347519305
354.27721 29.57788
353.95570 29.43536
02:52:44.45 39:56:59.24
03:11:50.23 39:52:38.49
02:57:51.89 39:55:49.63
03:46:22.92 39:44:37.42
92.8988717656198
82.7003191342001
202.411948701822
234.637177350355
86.2629193302673
70.8978330243017
82.1234547092536
43.529673162634
32.5815338793959
82.5536359512507
1.4500
22.4700226261667
22.5383047908723
141.541993725827 DSX
34.1041781518842 STA
22.85 0.0902059206658412 
19.93 4.10302470044144e-05
349.56 0.00908099999998058
26.55 0.0103864999999992
18.02 0.00585075269149726
1.06 0.000227127123100912
1.74 0.000825357895296142
0.63 0.000126178538669475
0.65 9.73612573420546e-05
23.56 0.00165926152337903
264.75 0.0197527997462998
179.919640
22.56 0.0902059206658412 
19.49 0.104014766490543
349.39 0.0510059999999726
26.44 0.0361429999999991
17.50 0.106590678502702
1.07 0.000304342292849258
1.73 0.0110572684775101
0.62 0.00317203652650455
0.66 0.00140727546212549
23.59 0.022082622800589
263.72 0.0586212686014846
180.408911
