1246.348633 352 1.861900 -0.542563
1246.398438 353 1.860123 -0.542829
1246.176880 354 1.858174 -0.542425
1245.654785 355 1.856037 -0.541280
1245.575684 356 1.854181 -0.541233
1245.210693 357 1.852146 -0.540481
1244.922241 358 1.850162 -0.539921
1244.617798 359 1.848168 -0.539323
1244.342651 360 1.846195 -0.538800
1244.218750 361 1.844316 -0.538653
1243.602295 362 1.842137 -0.537293
1243.712036 363 1.840403 -0.537725
1243.299683 364 1.838351 -0.536873
1243.237549 365 1.836514 -0.536885
1242.573242 366 1.834314 -0.535418
1242.747925 367 1.832622 -0.536017
1241.882935 368 1.830306 -0.534062
1242.215332 369 1.828708 -0.535051
1241.471069 370 1.826470 -0.533398
1241.718994 371 1.824822 -0.534183
1240.796509 372 1.822483 -0.532099
1240.966187 373 1.820790 -0.532694
1240.157349 374 1.818524 -0.530895
1240.532104 375 1.816950 -0.531996
1239.658447 376 1.814651 -0.530043
1239.962036 377 1.813037 -0.530973
1238.884644 378 1.810625 -0.528528
1239.080933 379 1.808949 -0.529198
1238.275269 380 1.806700 -0.527424
1238.434204 381 1.805004 -0.528006
1237.986572 382 1.802962 -0.527110
1237.921753 383 1.801140 -0.527150
1237.628296 384 1.799188 -0.526634
1236.981079 385 1.797040 -0.525260
1237.188477 386 1.795372 -0.525968
1235.898071 387 1.792869 -0.523034
1236.359985 388 1.791343 -0.524363
1235.774414 389 1.789237 -0.523149
1235.506714 390 1.787308 -0.522709
1235.272095 391 1.785398 -0.522351
1234.704102 392 1.783307 -0.521187
1234.810425 393 1.781586 -0.521660
1233.859741 394 1.779291 -0.519573
1234.010254 395 1.777594 -0.520157
1233.222168 396 1.775392 -0.518470
1233.087524 397 1.773543 -0.518367
1232.936523 398 1.771686 -0.518226
1231.952881 399 1.769387 -0.516075
1232.254272 400 1.767772 -0.517030
1231.460205 401 1.765578 -0.515343
1231.369873 402 1.763757 -0.515356
1231.050781 403 1.761816 -0.514819
1230.463623 404 1.759737 -0.513639
1230.218506 405 1.757837 -0.513285
1229.271362 406 1.755576 -0.511244
1229.386597 407 1.753864 -0.511761
1228.716431 408 1.751750 -0.510391
1228.466797 409 1.749853 -0.510035
1228.326050 410 1.748012 -0.509942
1227.517212 411 1.745833 -0.508247
1227.768555 412 1.744192 -0.509099
1226.957153 413 1.742015 -0.507403
1226.726440 414 1.740133 -0.507102
1226.751099 415 1.738378 -0.507414
1225.641602 416 1.736059 -0.505014
1225.878540 417 1.734411 -0.505837
1225.076050 418 1.732249 -0.504177
1224.878418 419 1.730388 -0.503965
1224.694458 420 1.728533 -0.503787
1223.579712 421 1.726225 -0.501390
1223.949585 422 1.724642 -0.502538
1223.203003 423 1.722517 -0.501024
1222.910156 424 1.720613 -0.500595
1222.869873 425 1.718832 -0.500770
1221.610474 426 1.716467 -0.498044
1222.009521 427 1.714897 -0.499267
1221.395142 428 1.712844 -0.498081
1220.946777 429 1.710871 -0.497292
1220.850220 430 1.709066 -0.497341
1219.857666 431 1.706839 -0.495265
1219.848511 432 1.705077 -0.495525
1219.028442 433 1.702935 -0.493864
1218.673340 434 1.701013 -0.493308
1218.782959 435 1.699307 -0.493855
1217.593384 436 1.697000 -0.491327
1217.801514 437 1.695340 -0.492110
1217.338013 438 1.693371 -0.491306
1216.524902 439 1.691243 -0.489677
1216.549805 440 1.689500 -0.490032
1215.954956 441 1.687475 -0.488924
1215.297729 442 1.685424 -0.487672
1214.746094 443 1.683421 -0.486671
1214.140015 444 1.681396 -0.485546
1214.488281 445 1.679800 -0.486669
1213.711792 446 1.677701 -0.485146
1213.262329 447 1.675749 -0.484395
1212.788086 448 1.673787 -0.483588
1212.166748 449 1.671762 -0.482438
1212.047485 450 1.669959 -0.482470
1211.628906 451 1.668025 -0.481800
1211.036621 452 1.666016 -0.480726
1210.768433 453 1.664149 -0.480413
1210.292603 454 1.662193 -0.479616
1209.711670 455 1.660193 -0.478575
1209.371460 456 1.658297 -0.478100
1208.788818 457 1.656299 -0.477059
1208.349487 458 1.654363 -0.476357
1208.071289 459 1.652497 -0.476033
1207.478516 460 1.650497 -0.474976
1206.857300 461 1.648487 -0.473855
1206.505005 462 1.646592 -0.473364
1205.853760 463 1.644572 -0.472179
1205.520752 464 1.642687 -0.471737
1205.113159 465 1.640771 -0.471124
1204.639038 466 1.638828 -0.470358
1204.280151 467 1.636934 -0.469862
1203.568115 468 1.634895 -0.468547
1203.349854 469 1.633061 -0.468382
1202.789551 470 1.631086 -0.467425
1202.230957 471 1.629114 -0.466473
1201.890503 472 1.627232 -0.466031
1201.299072 473 1.625248 -0.465008
1200.778931 474 1.623294 -0.464153
1200.357666 475 1.621381 -0.463529
1199.734497 476 1.619388 -0.462441
1199.402710 477 1.617513 -0.462028
1198.848022 478 1.615549 -0.461102
1198.452026 479 1.613649 -0.460546
1198.020386 480 1.611737 -0.459909
1197.442993 481 1.609766 -0.458937
1196.929810 482 1.607823 -0.458117
1196.431274 483 1.605886 -0.457332
1196.058350 484 1.604000 -0.456839
1195.515015 485 1.602047 -0.455955
1195.120850 486 1.600153 -0.455417
1194.423340 487 1.598142 -0.454183
1193.996216 488 1.596237 -0.453574
1193.551636 489 1.594326 -0.452927
1192.968506 490 1.592362 -0.451963
1192.381226 491 1.590398 -0.450992
1192.117676 492 1.588559 -0.450767
1191.266602 493 1.586495 -0.449196
1190.774658 494 1.584570 -0.448451
1190.355469 495 1.582674 -0.447875
1189.797852 496 1.580725 -0.446984
1189.317017 497 1.578807 -0.446271
1188.616333 498 1.576806 -0.445058
1188.338501 499 1.574965 -0.444813
1187.689697 500 1.572986 -0.443723
1187.105835 501 1.571031 -0.442784
1186.623535 502 1.569116 -0.442079
1186.086304 503 1.567181 -0.441250
1185.661865 504 1.565288 -0.440681
1184.947876 505 1.563289 -0.439455
1184.557983 506 1.561410 -0.438969
1183.985962 507 1.559465 -0.438071
1183.391357 508 1.557513 -0.437123
1182.822144 509 1.555570 -0.436236
1182.263550 510 1.553633 -0.435375
1181.813232 511 1.551735 -0.434762
1181.160645 512 1.549764 -0.433693
1180.647949 513 1.547845 -0.432943
1180.075928 514 1.545906 -0.432061
1179.483643 515 1.543959 -0.431135
1178.998291 516 1.542052 -0.430454
1178.400269 517 1.540105 -0.429520
1177.859863 518 1.538180 -0.428719
1177.320801 519 1.536255 -0.427923
1176.845947 520 1.534354 -0.427274
1176.088623 521 1.532353 -0.425990
1176.177979 522 1.530653 -0.426618
1173.745850 523 1.528063 -0.421567
1173.912720 524 1.526391 -0.422372
1173.809570 525 1.524623 -0.422571
1173.128052 526 1.522653 -0.421471
1172.637817 527 1.520751 -0.420803
1172.129028 528 1.518843 -0.420095
1171.369263 529 1.516847 -0.418827
1170.981445 530 1.514982 -0.418395
1170.301147 531 1.513016 -0.417310
1169.830933 532 1.511123 -0.416698
1169.120117 533 1.509148 -0.415549
1168.553467 534 1.507223 -0.414725
1167.892822 535 1.505266 -0.413694
1167.309937 536 1.503337 -0.412839
1166.819214 537 1.501439 -0.412192
1166.012329 538 1.499435 -0.410841
1165.661865 539 1.497586 -0.410512
