2025-09-06T03:17:51.5892
44
66
106.107939961597
31.05051 4.30074
30.71594 4.17826
01:59:19.87 41:16:24.23
02:00:07.26 41:19:52.40
01:59:24.69 41:16:45.39
02:00:29.95 41:21:31.99
106.148928465211
96.2881942531429
97.4712892122343
84.1594335324346
92.5352242892632
83.8262936084384
91.6487287431901
79.6703624043021
10.9318313842519
15.0391548169971
0.2000
54.6591438895042
59.7375160395387
106.714887001027 ANT1
37.7771865046 SPE
60.92 1.18162853625584 
59.89 3.70247363861154e-05
30.64 0.010011500000001
3.97 0.00266199999999994
148.50 0.010665798072381
0.29 0.000284252748261604
-4.71 0.0110026448000626
1.03 4.45614344017908e-05
0.14 0.000141655637493576
25.77 1.70336885219058e-05
133.78 0.0204663412343677
343.320134
55.84 1.18162853625584 
53.50 1.20719993545737
30.63 0.0125104999999976
3.89 0.0207665000000001
138.85 2.30290100945788
0.15 0.0199597213880347
4.01 1.27904258701901
0.98 0.00395637335082011
0.08 0.00993082945682094
17.42 3.82706233889655
150.43 2.75177267342403
343.805009
