767 431.435364 0.800592 0.447191
766 431.197174 0.801819 0.449374
765 430.784546 0.803495 0.451447
764 430.381866 0.805149 0.453524
763 430.094360 0.806513 0.455671
762 429.596710 0.808418 0.457685
761 429.133881 0.810238 0.459718
760 428.814789 0.811695 0.461839
759 428.384277 0.813442 0.463888
758 428.018158 0.815028 0.465976
757 427.539154 0.816908 0.467989
756 427.095398 0.818702 0.470023
755 426.701843 0.820371 0.472086
754 426.288574 0.822096 0.474135
753 425.981354 0.823552 0.476250
752 425.408813 0.825697 0.478190
751 425.200104 0.826907 0.480366
750 424.750671 0.828744 0.482382
749 424.273315 0.830657 0.484376
748 423.806061 0.832549 0.486375
747 423.358398 0.834396 0.488384
746 422.993225 0.836033 0.490446
745 422.763916 0.837322 0.492598
744 422.141632 0.839637 0.494482
743 421.779297 0.841281 0.496539
742 421.386383 0.843009 0.498573
741 421.009552 0.844700 0.500616
740 420.553528 0.846603 0.502602
739 420.099701 0.848505 0.504587
738 419.771881 0.850083 0.506657
737 419.713348 0.850960 0.508912
