2025-09-06T03:32:20.8864
30
85
99.9089293086985
340.02489 0.40521
339.69621 0.27083
-04:46:57.46 37:10:10.90
-04:32:39.45 37:15:07.62
-04:48:02.38 37:09:48.35
-04:09:03.60 37:23:12.09
186.362896495873
202.994512704552
101.188191354831
50.3327561250567
65.8065887509683
53.2549718949649
66.7629072681893
32.890170171233
26.4344840032275
71.7150886330797
1.4500
18.2306780233938
18.6472115936324
55.7022214187782 ANT1
70.4158382973055 SPE
19.02 0.120556388695962 
15.38 3.07126855609852e-05
333.97 0.010031999999967
-4.54 0.0126610000000005
2.79 0.00677577964626064
1.17 0.000264621003344789
1.80 0.000800696551412239
0.59 0.000122486538160382
0.74 0.000109624158891375
23.40 0.0016412095280316
253.82 0.0231496260834945
163.329603
18.35 0.120556388695962 
14.39 0.152682283026904
333.37 0.110589000000004
-5.09 0.104089
2.47 0.0536803469026852
1.18 0.000461285334222516
1.72 0.0145815411949817
0.56 0.00527973719283736
0.76 0.0027905140307557
23.55 0.0289122463622178
251.79 0.222134854790511
163.814481
