1710 1341.542236 5.856497 0.488357
1709 1341.664673 5.857301 0.489350
1708 1341.800171 5.858092 0.490351
1707 1342.210815 5.858596 0.491515
1706 1342.809326 5.858905 0.492791
1705 1343.546509 5.859069 0.494149
1704 1344.445190 5.859062 0.495603
1703 1345.373291 5.859024 0.497074
1702 1346.501465 5.858774 0.498664
1701 1347.689941 5.858458 0.500289
1700 1348.920044 5.858095 0.501938
1699 1350.296143 5.857576 0.503672
1698 1351.706665 5.857017 0.505426
1697 1353.106201 5.856466 0.507173
1696 1354.357910 5.856068 0.508831
1695 1355.524170 5.855758 0.510439
1694 1356.547607 5.855598 0.511962
1693 1357.500488 5.855511 0.513444
1692 1358.413452 5.855464 0.514902
1691 1359.385254 5.855353 0.516394
1690 1360.401245 5.855193 0.517911
1689 1361.418579 5.855029 0.519429
1688 1362.498535 5.854796 0.520984
1687 1363.682495 5.854448 0.522598
1686 1364.919067 5.854040 0.524242
1685 1366.060913 5.853732 0.525831
1684 1367.100830 5.853532 0.527360
1683 1368.166016 5.853302 0.528903
1682 1369.236816 5.853064 0.530449
1681 1370.328735 5.852801 0.532007
1680 1371.416748 5.852539 0.533562
1679 1372.561279 5.852213 0.535149
1678 1373.816284 5.851763 0.536799
1677 1375.081665 5.851299 0.538455
1676 1376.373901 5.850802 0.540126
1675 1377.644165 5.850325 0.541783
1674 1378.828247 5.849941 0.543389
1673 1379.972656 5.849598 0.544973
1672 1381.053955 5.849322 0.546520
1671 1382.261719 5.848903 0.548138
1670 1383.380249 5.848580 0.549705
1669 1384.542603 5.848206 0.551297
1668 1385.692017 5.847844 0.552880
1667 1386.774658 5.847553 0.554425
1666 1387.844238 5.847275 0.555962
1665 1388.879883 5.847032 0.557479
1664 1389.854614 5.846856 0.558962
1663 1390.859863 5.846644 0.560461
1662 1391.866577 5.846427 0.561960
1661 1392.928467 5.846146 0.563491
1660 1393.973145 5.845881 0.565011
1659 1395.012817 5.845620 0.566528
1658 1396.050049 5.845360 0.568044
1657 1397.100220 5.845082 0.569566
1656 1398.218750 5.844723 0.571126
1655 1399.268066 5.844441 0.572646
1654 1400.337769 5.844134 0.574178
1653 1401.282104 5.843967 0.575639
1652 1402.202515 5.843827 0.577086
1651 1403.127319 5.843679 0.578536
1650 1404.002930 5.843587 0.579957
1649 1404.872559 5.843499 0.581375
1648 1405.553711 5.843629 0.582687
1647 1406.203857 5.843793 0.583982
1646 1406.729126 5.844101 0.585207
1645 1407.270508 5.844390 0.586442
1644 1407.744873 5.844757 0.587638
1643 1408.122681 5.845236 0.588781
1642 1408.392578 5.845840 0.589863
1641 1408.124634 5.847073 0.590644
1640 1406.616699 5.849755 0.590729
1639 1405.472046 5.852012 0.591015
1638 1404.805054 5.853713 0.591567
1637 1404.247803 5.855286 0.592180
1636 1404.560547 5.855847 0.593284
1635 1404.617065 5.856706 0.594244
1634 1405.168701 5.856987 0.595483
1633 1405.166870 5.857915 0.596409
1632 1405.751465 5.858158 0.597667
1631 1407.136353 5.857461 0.599378
1630 1408.083252 5.857275 0.600841
1629 1409.303833 5.856765 0.602458
1628 1408.789673 5.858296 0.603095
1627 1410.734375 5.856928 0.605120
1626 1410.164551 5.858527 0.605726
1625 1412.375000 5.856838 0.607901
1624 1414.925171 5.854735 0.610262
1623 1414.564453 5.856088 0.610988
1622 1416.834229 5.854307 0.613190
1621 1416.823975 5.855244 0.614113
1620 1421.825562 5.850170 0.617833
1619 1424.942505 5.847332 0.620490
1618 1423.507690 5.849986 0.620629
1617 1422.169434 5.852523 0.620817
1616 1425.611206 5.849284 0.623657
1615 1432.413818 5.841918 0.628326
1614 1430.211670 5.845528 0.628056
1613 1442.558472 5.831243 0.635677
1612 1443.114014 5.831463 0.636915
1611 1440.341309 5.835816 0.636368
1610 1448.782227 5.826205 0.641809
1609 1451.945190 5.823136 0.644418
1608 1454.974487 5.820216 0.646948
1607 1450.433350 5.826852 0.645509
1606 1458.247803 5.817868 0.650543
1605 1460.148071 5.816347 0.652474
1604 1461.246460 5.815845 0.653989
1603 1461.198364 5.816806 0.654912
1602 1467.246338 5.809933 0.658963
1601 1468.271729 5.809505 0.660436
1600 1468.023804 5.810722 0.661260
1599 1469.575195 5.809608 0.663000
1598 1470.390503 5.809446 0.664366
1597 1472.830444 5.807165 0.666552
1596 1474.917480 5.805332 0.668556
1595 1474.138794 5.807244 0.669117
1594 1476.111572 5.805553 0.671063
1593 1475.625854 5.807084 0.671772
1592 1478.192383 5.804602 0.674013
1591 1479.729980 5.803465 0.675736
1590 1481.228638 5.802374 0.677437
1589 1481.651733 5.802703 0.678603
1588 1482.089844 5.803013 0.679776
1587 1483.096802 5.802565 0.681231
1586 1484.360718 5.801771 0.682814
1585 1484.674927 5.802242 0.683925
1584 1484.801147 5.802964 0.684943
1583 1485.611084 5.802771 0.686300
1582 1485.699951 5.803543 0.687300
1581 1486.802979 5.802954 0.688802
1580 1486.530029 5.804212 0.689622
1579 1486.791870 5.804751 0.690706
1578 1486.959961 5.805417 0.691745
1577 1487.316528 5.805829 0.692877
1576 1486.950195 5.807215 0.693649
1575 1486.736938 5.808397 0.694496
1574 1486.474487 5.809645 0.695319
1573 1486.409302 5.810628 0.696239
1572 1486.426880 5.811501 0.697201
1571 1486.740845 5.811973 0.698311
1570 1487.086792 5.812401 0.699437
1569 1487.616089 5.812581 0.700654
1568 1488.171265 5.812725 0.701885
1567 1488.757080 5.812827 0.703131
1566 1489.408447 5.812838 0.704409
1565 1490.130005 5.812752 0.705722
1564 1490.830444 5.812693 0.707025
1563 1491.539551 5.812620 0.708332
1562 1492.314209 5.812456 0.709671
1561 1493.133057 5.812229 0.711032
1560 1493.925903 5.812036 0.712380
1559 1494.751709 5.811796 0.713744
1558 1495.579102 5.811551 0.715109
1557 1496.346558 5.811386 0.716444
1556 1497.226929 5.811063 0.717834
1555 1498.085938 5.810768 0.719213
1554 1498.969971 5.810434 0.720605
1553 1499.826294 5.810137 0.721982
1552 1500.750977 5.809742 0.723393
1551 1501.661499 5.809364 0.724796
1550 1502.531372 5.809041 0.726179
1549 1503.435425 5.808666 0.727578
1548 1504.286011 5.808364 0.728951
1547 1505.109253 5.808099 0.730310
1546 1505.971069 5.807776 0.731688
1545 1506.846436 5.807431 0.733072
1544 1507.590454 5.807271 0.734391
1543 1508.453979 5.806938 0.735769
1542 1509.264526 5.806678 0.737120
1541 1510.140747 5.806322 0.738503
1540 1510.989136 5.806004 0.739873
1539 1511.858398 5.805653 0.741252
1538 1512.739746 5.805282 0.742636
1537 1513.697144 5.804798 0.744057
1536 1514.596680 5.804395 0.745449
1535 1515.453735 5.804051 0.746821
1534 1516.432861 5.803527 0.748251
1533 1517.304932 5.803155 0.749629
1532 1518.237061 5.802693 0.751035
1531 1519.113037 5.802309 0.752414
1530 1519.868286 5.802099 0.753735
1529 1520.724365 5.801739 0.755104
1528 1521.569458 5.801393 0.756467
1527 1522.460571 5.800976 0.757852
1526 1523.268311 5.800679 0.759197
1525 1524.111572 5.800327 0.760558
1524 1524.993286 5.799916 0.761938
1523 1525.832153 5.799565 0.763296
1522 1526.682983 5.799194 0.764660
1521 1527.593628 5.798732 0.766052
1520 1528.457642 5.798335 0.767421
1519 1529.346191 5.797899 0.768802
1518 1530.193848 5.797521 0.770163
1517 1531.063965 5.797107 0.771534
1516 1531.903931 5.796735 0.772890
1515 1532.740845 5.796364 0.774245
1514 1533.568848 5.796005 0.775595
1513 1534.412476 5.795619 0.776953
1512 1535.210327 5.795299 0.778288
1511 1536.089111 5.794854 0.779661
1510 1536.801514 5.794659 0.780957
1509 1537.619507 5.794301 0.782301
1508 1538.500854 5.793844 0.783673
1507 1539.316772 5.793483 0.785016
1506 1540.170044 5.793063 0.786375
1505 1540.947632 5.792755 0.787699
1504 1541.741821 5.792420 0.789030
1503 1542.519287 5.792108 0.790354
1502 1543.389160 5.791650 0.791719
1501 1544.167847 5.791331 0.793043
1500 1544.984497 5.790950 0.794383
1499 1545.888550 5.790430 0.795763
1498 1546.665771 5.790105 0.797085
1497 1547.515137 5.789664 0.798439
1496 1548.365356 5.789219 0.799793
1495 1549.197021 5.788800 0.801138
1494 1550.000122 5.788423 0.802470
1493 1550.829346 5.788001 0.803814
1492 1551.660645 5.787574 0.805158
1491 1552.523804 5.787093 0.806516
1490 1553.315674 5.786722 0.807842
1489 1554.149536 5.786281 0.809186
1488 1554.937988 5.785910 0.810509
1487 1555.772583 5.785462 0.811853
1486 1556.591797 5.785035 0.813189
1485 1557.403809 5.784617 0.814522
1484 1558.198486 5.784224 0.815847
1483 1559.020142 5.783784 0.817183
1482 1559.774292 5.783450 0.818489
1481 1560.572388 5.783043 0.819815
1480 1561.378052 5.782620 0.821143
1479 1562.175781 5.782207 0.822467
1478 1562.950195 5.781829 0.823781
1477 1563.720215 5.781455 0.825093
1476 1564.500366 5.781061 0.826408
1475 1565.355225 5.780544 0.827756
1474 1566.134888 5.780145 0.829071
1473 1566.944214 5.779695 0.830399
1472 1567.718628 5.779299 0.831710
1471 1568.501709 5.778886 0.833026
1470 1569.347046 5.778368 0.834368
1469 1570.074585 5.778040 0.835658
1468 1570.875610 5.777588 0.836980
1467 1571.657593 5.777165 0.838293
1466 1572.384399 5.776829 0.839582
1465 1573.180420 5.776377 0.840901
1464 1573.980957 5.775913 0.842222
1463 1574.737915 5.775519 0.843523
1462 1575.513428 5.775091 0.844832
1461 1576.323853 5.774602 0.846155
1460 1577.005371 5.774325 0.847423
1459 1577.782104 5.773886 0.848731
1458 1578.536133 5.773482 0.850030
1457 1579.314575 5.773034 0.851338
1456 1580.035645 5.772680 0.852622
1455 1580.836670 5.772187 0.853939
1454 1581.601807 5.771752 0.855241
1453 1582.331421 5.771375 0.856527
1452 1583.062866 5.770991 0.857814
1451 1583.913574 5.770400 0.859151
1450 1584.596069 5.770094 0.860417
1449 1585.378906 5.769613 0.861724
1448 1586.092163 5.769249 0.863002
1447 1586.868896 5.768772 0.864306
1446 1587.582520 5.768401 0.865584
1445 1588.392822 5.767859 0.866901
1444 1589.153198 5.767401 0.868197
1443 1589.827881 5.767088 0.869458
1442 1590.475586 5.766820 0.870707
1441 1591.076904 5.766630 0.871937
1440 1591.603882 5.766568 0.873136
1439 1592.064087 5.766621 0.874307
1438 1592.409668 5.766874 0.875431
1437 1592.733154 5.767165 0.876546
1436 1592.964111 5.767618 0.877622
1435 1593.253906 5.767968 0.878723
1434 1593.460938 5.768463 0.879790
1433 1593.651978 5.768986 0.880850
1432 1593.502319 5.770113 0.881769
1431 1593.013428 5.771841 0.882547
1430 1592.436523 5.773727 0.883286
1429 1591.629395 5.776022 0.883928
1428 1591.065674 5.777890 0.884670
1427 1591.130371 5.778647 0.885676
1426 1591.114868 5.779547 0.886647
1425 1590.893799 5.780813 0.887532
1424 1590.977783 5.781539 0.888545
1423 1591.932617 5.780715 0.889926
1422 1592.052246 5.781377 0.890955
1421 1592.188965 5.782008 0.891990
1420 1592.790771 5.781808 0.893223
1419 1593.453003 5.781498 0.894480
1418 1594.041260 5.781318 0.895707
1417 1594.090088 5.782106 0.896705
1416 1594.674805 5.781930 0.897930
1415 1595.300293 5.781678 0.899172
1414 1596.130981 5.781052 0.900500
1413 1597.196777 5.779995 0.901926
1412 1597.172607 5.780914 0.902895
1411 1598.468994 5.779430 0.904417
1410 1600.065308 5.777388 0.906061
1409 1599.582886 5.779144 0.906841
1408 1599.828979 5.779568 0.907923
1407 1600.820923 5.778622 0.909316
1406 1601.537598 5.778177 0.910593
1405 1602.855957 5.776618 0.912120
1404 1602.168579 5.778761 0.912816
1403 1604.472656 5.775367 0.914748
1402 1604.181641 5.776779 0.915610
1401 1605.866333 5.774516 0.917284
1400 1606.388550 5.774411 0.918479
1399 1610.766968 5.767069 0.921236
1398 1607.675659 5.773741 0.920970
1397 1608.935425 5.772243 0.922465
1396 1608.723999 5.773509 0.923362
1395 1611.034546 5.770016 0.925281
1394 1611.705688 5.769610 0.926536
1393 1612.336914 5.769276 0.927774
1392 1611.930664 5.770913 0.928595
1391 1613.599609 5.768600 0.930249
1390 1615.199463 5.766405 0.931873
1389 1616.278687 5.765197 0.933287
1388 1614.913452 5.768678 0.933730
1387 1616.714478 5.766079 0.935432
1386 1615.384766 5.769501 0.935889
1385 1615.726196 5.769708 0.937010
1384 1617.900269 5.766372 0.938861
1383 1618.667847 5.765745 0.940150
1382 1620.952759 5.762160 0.942035
1381 1620.134644 5.764612 0.942702
1380 1622.177979 5.761478 0.944489
1379 1622.514893 5.761673 0.945608
1378 1621.627930 5.764270 0.946250
1377 1621.860840 5.764672 0.947329
1376 1623.491211 5.762322 0.948953
1375 1625.158813 5.759883 0.950588
1374 1624.686035 5.761674 0.951394
1373 1624.697998 5.762507 0.952388
1372 1627.446045 5.757899 0.954437
1371 1629.911499 5.753822 0.956366
1370 1624.973389 5.764536 0.955460
1369 1628.630493 5.758086 0.957861
1368 1630.090332 5.756006 0.959408
1367 1629.949585 5.757139 0.960345
1366 1632.393188 5.753055 0.962262
1365 1631.712402 5.755280 0.962997
1364 1630.135986 5.759320 0.963388
1363 1631.233887 5.757949 0.964798
1362 1632.487549 5.756254 0.966265
1361 1633.708984 5.754614 0.967717
1360 1632.677124 5.757570 0.968319
1359 1633.559692 5.756618 0.969645
1358 1637.428833 5.749521 0.972084
1357 1640.774658 5.743444 0.974305
1356 1636.641846 5.752830 0.973779
1355 1639.768799 5.747201 0.975929
1354 1639.863159 5.747844 0.976958
1353 1640.091309 5.748208 0.978037
1352 1639.724854 5.749812 0.978897
1351 1645.689209 5.738154 0.982052
1350 1644.023560 5.742487 0.982453
1349 1643.937500 5.743500 0.983419
1348 1645.040649 5.742006 0.984812
1347 1646.376221 5.740011 0.986287
1346 1647.891724 5.737620 0.987823
1345 1650.955811 5.731906 0.989895
1344 1652.755371 5.728864 0.991516
1343 1650.975342 5.733500 0.991902
1342 1651.234253 5.733764 0.992992
1341 1651.958862 5.733023 0.994243
1340 1660.041382 5.716304 0.997973
1339 1663.728027 5.709021 1.000173
1338 1662.194092 5.713175 1.000686
1337 1668.494019 5.700054 1.003687
1336 1661.797974 5.715627 1.002568
1335 1665.643066 5.707924 1.004811
1334 1670.419800 5.698072 1.007308
1333 1668.595215 5.702914 1.007754
1332 1673.432007 5.692844 1.010240
1331 1669.318237 5.702843 1.009997
1330 1671.082520 5.699653 1.011550
1329 1673.088989 5.695896 1.013171
1328 1672.710938 5.697513 1.014067
1327 1671.077393 5.701973 1.014578
1326 1674.424438 5.695153 1.016606
1325 1671.091064 5.703486 1.016601
1324 1672.923218 5.700095 1.018173
1323 1673.048706 5.700578 1.019221
1322 1671.968628 5.703811 1.019900
1321 1673.334839 5.701462 1.021329
1320 1676.005371 5.696101 1.023148
1319 1677.578247 5.693236 1.024628
1318 1678.739990 5.691304 1.025982
1317 1680.518188 5.687928 1.027513
1316 1680.193604 5.689432 1.028433
1315 1679.278320 5.692315 1.029178
1314 1680.716919 5.689711 1.030611
1313 1681.603149 5.688386 1.031881
1312 1683.258545 5.685243 1.033370
1311 1683.738892 5.684854 1.034521
1310 1684.757935 5.683187 1.035824
1309 1684.286011 5.685044 1.036706
1308 1683.834839 5.686855 1.037592
1307 1683.791016 5.687704 1.038594
1306 1683.613037 5.688873 1.039557
1305 1683.580444 5.689698 1.040562
1304 1683.656738 5.690265 1.041598
1303 1683.955322 5.690302 1.042697
1302 1684.429565 5.689915 1.043848
1301 1685.194702 5.688827 1.045081
1300 1685.984375 5.687673 1.046320
1299 1686.712524 5.686660 1.047541
1298 1687.339600 5.685885 1.048733
1297 1688.064453 5.684867 1.049952
1296 1688.685669 5.684095 1.051141
1295 1689.307251 5.683317 1.052330
1294 1689.951416 5.682478 1.053524
1293 1690.518555 5.681822 1.054697
1292 1691.058594 5.681228 1.055862
1291 1691.528809 5.680802 1.057007
1290 1691.976074 5.680429 1.058146
1289 1692.455688 5.679972 1.059294
1288 1693.020264 5.679300 1.060464
1287 1693.608032 5.678566 1.061640
1286 1694.215942 5.677776 1.062821
1285 1694.791016 5.677063 1.063993
1284 1695.326660 5.676444 1.065154
1283 1695.932617 5.675643 1.066334
1282 1696.495728 5.674945 1.067501
1281 1697.083618 5.674179 1.068675
1280 1697.675293 5.673397 1.069849
1279 1698.246582 5.672663 1.071017
1278 1698.783325 5.672010 1.072176
1277 1699.375610 5.671212 1.073349
1276 1699.966919 5.670410 1.074521
1275 1700.544434 5.669637 1.075689
1274 1701.079224 5.668969 1.076846
1273 1701.670532 5.668151 1.078016
1272 1702.207520 5.667467 1.079173
1271 1702.738525 5.666793 1.080327
1270 1703.333130 5.665949 1.081497
1269 1703.899292 5.665174 1.082660
1268 1704.467773 5.664386 1.083822
1267 1705.033691 5.663600 1.084984
1266 1705.566650 5.662895 1.086137
1265 1706.142334 5.662071 1.087300
1264 1706.701294 5.661287 1.088458
1263 1707.247437 5.660530 1.089613
1262 1707.821045 5.659695 1.090774
1261 1708.427490 5.658766 1.091942
1260 1708.990967 5.657946 1.093099
1259 1709.528320 5.657190 1.094250
1258 1710.072876 5.656409 1.095402
1257 1710.589600 5.655697 1.096547
1256 1711.134155 5.654905 1.097698
1255 1711.693481 5.654067 1.098852
1254 1712.282959 5.653141 1.100013
1253 1712.870117 5.652214 1.101172
1252 1713.391724 5.651461 1.102316
1251 1713.909302 5.650712 1.103458
1250 1714.396729 5.650040 1.104594
1249 1714.942383 5.649204 1.105742
1248 1715.503296 5.648319 1.106892
1247 1716.073242 5.647403 1.108045
1246 1716.606812 5.646581 1.109189
1245 1717.172363 5.645664 1.110339
1244 1717.720093 5.644790 1.111485
1243 1718.226318 5.644026 1.112621
1242 1718.698242 5.643352 1.113749
1241 1719.250000 5.642449 1.114895
1240 1719.766968 5.641637 1.116032
1239 1720.307495 5.640752 1.117174
1238 1720.795288 5.640011 1.118304
1237 1721.318726 5.639162 1.119441
1236 1721.839355 5.638315 1.120577
1235 1722.409546 5.637321 1.121723
1234 1722.951660 5.636400 1.122862
1233 1723.497803 5.635460 1.124002
1232 1724.037109 5.634533 1.125140
1231 1724.608398 5.633508 1.126283
1230 1725.130615 5.632617 1.127416
1229 1725.689819 5.631612 1.128556
1228 1726.211182 5.630710 1.129688
1227 1726.783691 5.629652 1.130829
1226 1727.306274 5.628732 1.131960
1225 1727.849609 5.627745 1.133094
1224 1728.338379 5.626911 1.134218
1223 1728.876587 5.625925 1.135350
1222 1729.333130 5.625174 1.136466
1221 1729.848633 5.624241 1.137593
1220 1730.463257 5.623007 1.138738
1219 1730.963257 5.622106 1.139861
1218 1731.499512 5.621090 1.140989
1217 1732.064575 5.619980 1.142123
1216 1732.624023 5.618879 1.143254
1215 1733.024536 5.618250 1.144357
1214 1733.632812 5.616986 1.145496
1213 1734.238770 5.615721 1.146634
1212 1734.659058 5.615012 1.147739
1211 1735.312622 5.613585 1.148883
1210 1735.898193 5.612356 1.150015
1209 1736.447021 5.611232 1.151140
1208 1736.831299 5.610606 1.152236
1207 1737.533447 5.608993 1.153385
1206 1737.972290 5.608184 1.154490
1205 1738.444702 5.607265 1.155600
1204 1739.072998 5.605853 1.156734
1203 1739.652954 5.604583 1.157859
1202 1740.049805 5.603877 1.158955
1201 1740.601807 5.602677 1.160074
1200 1741.034424 5.601845 1.161175
1199 1741.535767 5.600790 1.162285
1198 1742.071899 5.599616 1.163400
1197 1742.530884 5.598679 1.164503
1196 1743.015137 5.597654 1.165609
1195 1743.298828 5.597262 1.166686
1194 1743.982422 5.595584 1.167819
1193 1744.383789 5.594802 1.168912
1192 1744.421875 5.595186 1.169952
1191 1745.317627 5.592795 1.171114
1190 1745.399780 5.593029 1.172160
1189 1746.441528 5.590138 1.173339
1188 1746.951172 5.588966 1.174443
1187 1747.723877 5.586923 1.175582
1186 1748.135010 5.586055 1.176671
1185 1748.032837 5.586870 1.177694
1184 1749.157227 5.583635 1.178874
1183 1749.750732 5.582139 1.179985
1182 1749.858154 5.582248 1.181034
1181 1749.215088 5.584856 1.181990
1180 1750.604248 5.580685 1.183199
1179 1751.101440 5.579478 1.184295
1178 1751.273560 5.579354 1.185353
1177 1751.949951 5.577527 1.186469
1176 1752.157227 5.577274 1.187530
1175 1752.222656 5.577499 1.188575
1174 1751.823486 5.579302 1.189565
1173 1752.161011 5.578602 1.190641
1172 1752.213013 5.578871 1.191684
1171 1749.910767 5.587199 1.192440
