2025-09-01T21:20:17.5931
20
66
38.3288294962288
284.73156 75.82987
284.95009 75.79353
01:31:01.88 41:03:13.27
01:31:54.12 40:58:11.53
01:31:08.50 41:02:35.07
01:31:58.13 40:57:48.32
154.322296490447
154.530766396435
105.384115648962
100.021564238545
88.2003861906387
75.0714673534594
86.5344251402048
74.0646028129859
16.2116541153811
15.3994722214356
0.4500
36.0258942167392
37.5241753979361
86.5559367973124 ANT1
64.8999269534425 AUR
37.92 0.23162349511062 
36.23 5.99284812921042e-05
280.98 0.0419555000000287
76.40 0.00820399999999211
57.14 0.00725938435965645
2.07 0.000493457144467246
-21.50 0.224611847743361
1.05 0.000490504098326516
1.01 2.43187741166828e-06
25.67 3.58486646270251e-05
179.15 0.0182226702887647
159.204402
36.26 0.23162349511062 
34.24 0.243671775364042
280.78 0.0682805000000144
76.49 0.016815500000007
55.28 0.244545695291507
1.93 0.0166784459016005
11.55 2.11224639364342
0.91 0.0165261856711396
1.01 3.70443826658295e-06
25.67 7.83700309874291e-05
179.19 0.0350132116290069
159.688282
