2522.59942609466 -4020.35812777589 4247.55149647418 0.836082803016958 -0.529863476175282 -0.142162734620409
2522.6140845368 -4020.34893020535 4247.55149647418 0.835657310288946 -0.52716659448017 -0.154182493898704
2522.62874294542 -4020.33973258137 4247.55149647418 0.835197252736679 -0.524497582024034 -0.165371809786451
2522.64340132049 -4020.33053490394 4247.55149647418 0.834476497785885 -0.521494422759025 -0.178023991850076
2522.65805966204 -4020.32133717306 4247.55149647418 0.833751787134675 -0.518955845866687 -0.188527948831272
2522.67271797004 -4020.31213938874 4247.55149647418 0.832907311918588 -0.51605388505645 -0.199884460303186
2522.68737624451 -4020.30294155097 4247.55149647418 0.83188250296496 -0.513064205256376 -0.211510336734157
2522.70203448545 -4020.29374365976 4247.55149647418 0.830742145971295 -0.509891794632149 -0.223333483100527
2522.71669269285 -4020.2845457151 4247.55149647418 0.829476918364022 -0.506708800204018 -0.234977091856057
2522.73135086269 -4020.27534771952 4247.55149647418 0.828412897571797 -0.504327929853391 -0.243691219182168
