899 582.784729 5.035464 0.178364
900 582.741638 5.035409 0.175948
901 582.686035 5.035382 0.173531
902 582.654358 5.035298 0.171115
903 582.536926 5.035413 0.168694
904 582.494141 5.035354 0.166277
905 582.348389 5.035532 0.163855
906 582.210510 5.035690 0.161432
907 582.167419 5.035629 0.159014
908 581.985657 5.035887 0.156589
909 581.929749 5.035854 0.154170
910 581.895630 5.035770 0.151752
911 581.815613 5.035791 0.149331
912 581.719604 5.035847 0.146910
913 581.578308 5.036007 0.144485
914 581.551208 5.035903 0.142066
915 581.442444 5.035986 0.139643
916 581.291443 5.036165 0.137217
917 581.166138 5.036284 0.134792
918 581.103943 5.036257 0.132371
919 581.013245 5.036295 0.129947
920 580.909851 5.036361 0.127523
921 580.754150 5.036545 0.125095
922 580.690430 5.036519 0.122672
923 580.604187 5.036543 0.120248
924 580.511108 5.036581 0.117823
925 580.390381 5.036682 0.115396
926 580.305054 5.036701 0.112971
927 580.185913 5.036796 0.110543
928 580.045959 5.036937 0.108114
929 580.096375 5.036646 0.105697
930 580.035461 5.036606 0.103272
931 579.893616 5.036749 0.100842
932 579.765076 5.036860 0.098412
933 579.642517 5.036957 0.095982
934 579.529175 5.037033 0.093553
935 579.388428 5.037169 0.091121
936 579.231567 5.037340 0.088688
937 579.259766 5.037093 0.086267
938 579.168640 5.037115 0.083838
939 579.065857 5.037161 0.081407
940 578.946228 5.037245 0.078975
941 578.821533 5.037339 0.076542
942 578.677795 5.037474 0.074108
943 578.546265 5.037582 0.071674
944 578.495422 5.037507 0.069245
945 578.438416 5.037446 0.066816
946 578.291504 5.037584 0.064379
947 578.070068 5.037889 0.061937
948 577.971130 5.037918 0.059504
949 577.957703 5.037755 0.057076
950 577.937073 5.037608 0.054647
951 577.886841 5.037526 0.052216
952 577.799988 5.037525 0.049782
953 577.627136 5.037715 0.047341
954 577.603577 5.037571 0.044910
955 577.500000 5.037605 0.042474
956 577.476196 5.037460 0.040043
957 577.875916 5.036373 0.037643
