356.581238 144 1.090506 -0.367187
356.344910 143 1.090596 -0.369730
355.905914 142 1.091144 -0.372456
355.852570 141 1.090828 -0.374834
355.732697 140 1.090664 -0.377272
355.478302 139 1.090805 -0.379831
354.943176 138 1.091579 -0.382643
354.807648 137 1.091458 -0.385096
354.658173 136 1.091371 -0.387561
354.550323 135 1.091192 -0.389990
354.168274 134 1.091633 -0.392664
353.786499 133 1.092077 -0.395337
353.792603 132 1.091649 -0.397664
353.648438 131 1.091562 -0.400126
353.409515 130 1.091692 -0.402673
352.982269 129 1.092249 -0.405387
352.808228 128 1.092238 -0.407876
352.686157 127 1.092112 -0.410319
352.331329 126 1.092515 -0.412969
352.000000 125 1.092867 -0.415598
351.704071 124 1.093142 -0.418196
351.714294 123 1.092727 -0.420523
351.684204 122 1.092406 -0.422886
351.735840 121 1.091902 -0.425177
350.583344 120 1.094130 -0.428533
351.000000 119 1.092804 -0.430502
351.000000 118 1.092424 -0.432841
350.227264 117 1.093802 -0.435860
