2025-09-10T00:22:00.8455
59
66
70.6631225776406
34.92034 45.04680
34.50917 44.92952
01:09:22.54 38:41:09.16
01:07:14.70 38:40:21.34
01:10:44.54 38:41:39.80
01:05:20.91 38:39:38.74
173.095645604629
167.021657810026
332.951081997467
333.5098827188
88.5226032772707
82.3900073996083
92.4624684989085
76.9404394204603
7.04618487088602
17.835059043582
0.2000
35.2309159547252
35.6343193679203
53.442147150328 ANT1
11.0869525565081 SPE
97.4064380166144 DSX
42.18 1.27125189443606 
40.67 0.000102372408413487
35.03 0.0304680000000062
45.31 0.0179959999999966
94.46 0.0374068849134517
0.46 0.000657848319449261
0.84 0.000568421755936743
0.67 0.000323427571715107
0.28 0.000444129802940507
25.07 0.000756862184612572
323.99 0.0587178054577748
167.083938
36.56 1.32530048103286 
33.40 1.39775606276177
35.39 0.0700344999999984
45.30 0.0176259999999999
76.05 4.03813700016519
0.33 0.0162770593805287
0.70 0.0175500723908786
0.73 0.0079061906630179
0.19 0.0102699622576157
25.26 0.0229193104733305
337.66 1.82723360169825
167.569761
