1195 518.240784 6.019269 -0.576747
1196 519.603699 6.015839 -0.579169
1197 520.396484 6.013634 -0.581731
1198 521.105164 6.011607 -0.584317
1199 521.515198 6.010221 -0.586975
1200 522.249512 6.008130 -0.589562
1201 523.880920 6.004091 -0.591948
1202 525.090454 6.000959 -0.594437
1203 526.063477 5.998334 -0.596984
1204 526.764893 5.996292 -0.599596
1205 527.545532 5.994074 -0.602194
1206 527.505798 5.993633 -0.604976
1207 527.521912 5.993068 -0.607748
1208 528.377075 5.990673 -0.610340
1209 529.040527 5.988691 -0.612978
1210 529.741394 5.986622 -0.615611
1211 530.805542 5.983756 -0.618171
