2460924.389319902752
Ager 26
0.1198, 0.1698, 0.2198, 0.2698, 0.3198, 0.3698
9.82606, 10.07440, 10.26001, 10.51190, 10.73104, 11.00585
19.03134, 18.61062, 18.29461, 17.86360, 17.48665, 17.01140



Cabrils 55
0.7982, 0.8482, 0.8982, 0.9482, 0.9982, 1.0482
296.70506, 296.83703, 296.91214, 297.05843, 297.15482, 297.27875
71.30784, 71.43107, 71.50047, 71.63413, 71.72112, 71.83174
2.385500000
41.519805556
147
Cosmos 69
0.0000, 0.0500, 0.1000, 0.1500, 0.2000, 0.2500
288.46719, 288.43019, 288.40994, 288.31506, 288.27761, 288.21761
69.58446, 69.65158, 69.68811, 69.85766, 69.92383, 70.02893
2.449652778
41.538827778
60
Masquefa 66
0.2139, 0.2639, 0.3139, 0.3639, 0.4139
2.20668, 2.86838, 3.39420, 4.15447, 4.79929
61.57758, 61.35878, 61.18038, 60.91514, 60.68327
1.826530000
41.507030000
245
