2025-09-10T02:07:35.2331
26
93
15.7097484402575
49.18767 40.44053
48.76624 40.34705
02:17:25.59 42:50:13.92
02:11:44.60 42:50:04.44
02:13:14.29 42:50:06.96
02:10:21.50 42:50:02.08
189.661159707927
172.193533788123
306.859465769884
300.018635022208
104.214413509236
81.7164991067484
87.6179171535723
76.258344168632
23.8331712833517
12.0362812093879
0.3500
68.0947472637714
67.1967014379607
59.0979652073246 ANT1
0.68061260904239 SPE
87.1304689527828 DSX
74.60 0.935330887191926 
73.75 9.37240746594625e-05
48.98 0.0216509999999985
40.49 0.00922949999999645
142.27 0.02566755616553
2.24 0.000689116725006045
-1.18 0.00111928587046739
1.70 0.000546456961012964
0.83 0.000298746242874515
25.75 3.59172292476728e-05
223.86 0.0382129880459274
167.155095
69.03 0.935330887191926 
67.17 0.94822024237007
49.01 0.0170249999999967
40.49 0.00829799999999636
139.69 0.428563778720189
1.67 0.0752968545902108
-6.42 2.91799608488252
1.15 0.0708447475675982
0.77 0.0097477399141328
25.78 0.00386820865830373
235.56 2.1144177917046
167.640937
