2025-09-15T04:13:22.1410
63
26
61.1864308407472
98.20918 49.90825
97.71157 49.92869
-00:17:49.56 40:48:14.23
-00:22:29.95 40:46:00.70
-00:14:48.57 40:49:40.24
-00:22:37.55 40:45:57.08
151.000564178175
139.013150970834
188.797419755928
187.41839335593
94.4326584175806
80.6900982019997
103.33164371801
80.3181738743078
15.8345915779526
26.5110963772389
0.2500
63.3383663118106
61.7609768235064
90.213665272532 ANT1
32.6121200262768 SPE
61.5613099663172 DSX
67.14 1.1253535182552 
66.20 6.27685953844548e-05
98.16 0.0162750000000074
50.08 0.00917349999999573
132.94 0.0142943494322196
1.90 0.000520728598556008
-10.57 0.037379145212082
1.09 0.000306886207057211
0.91 0.000199895282481988
25.64 5.97028114661668e-05
144.66 0.0387280923870321
172.103859
64.46 1.1253535182552 
62.34 1.14333653436766
98.21 0.0162059999999968
50.08 0.00958399999999671
131.09 0.647271659198452
1.59 0.0888528927882544
4.77 1.82789732698759
0.78 0.0818868757428142
0.89 0.00901449899460804
25.62 0.00702434289939546
137.70 3.05668204638729
172.590996
