2025-09-23T04:21:53.9870
66
44
8.24592118433355
357.10451 29.28016
356.77894 29.13711
03:19:22.29 39:50:38.80
03:38:47.84 39:46:38.13
03:06:09.57 39:53:20.36
03:47:48.44 39:44:45.25
234.970968930828
252.355914301314
208.226333342407
234.282412495803
66.3890157756487
49.859960503617
77.7360667315143
42.2556760396847
33.3508092469565
71.5278365508195
1.4500
23.0005573449686
23.7104054096737
139.957792265936 DSX
32.0513736307567 STA
23.69 0.168485271094377 
20.88 1.9255069091173e-05
352.81 0.00534150000004274
26.58 0.00570050000000322
18.70 0.00342166269935973
1.00 0.00013217172330815
1.68 0.000458519935311541
0.64 6.53976802510448e-05
0.61 5.95481969319911e-05
23.68 0.00090434553889196
270.54 0.0118943327167926
179.919640
23.17 0.168485271094377 
20.10 0.192834895252879
352.54 0.0757085000000188
26.42 0.0477745000000027
17.83 0.191811546602924
1.01 0.000730236319036237
1.64 0.0170387093450677
0.62 0.00547530227362969
0.62 0.00253832460123715
23.77 0.0332284497306112
269.41 0.0725526965572953
180.408911
