440.527649 81 1.530984 -0.437964
440.191650 80 1.535187 -0.441264
439.737976 79 1.539797 -0.444220
438.982941 78 1.545442 -0.446288
438.513824 77 1.550113 -0.449215
437.694855 76 1.555984 -0.451114
437.098541 75 1.561098 -0.453682
436.437988 74 1.566437 -0.456071
435.838409 73 1.571571 -0.458648
434.916931 72 1.577808 -0.460291
434.282684 71 1.583069 -0.462786
433.622131 70 1.588425 -0.465214
432.928040 69 1.593900 -0.467554
432.274658 68 1.599242 -0.470020
431.637024 67 1.604535 -0.472542
430.697327 66 1.610859 -0.474201
430.000000 65 1.616365 -0.476569
429.375458 64 1.621628 -0.479155
428.624390 63 1.627326 -0.481387
427.679108 62 1.633689 -0.483076
427.027740 61 1.639059 -0.485611
426.151703 60 1.645196 -0.487517
425.650299 59 1.650069 -0.490491
425.048340 58 1.655289 -0.493187
424.812653 57 1.659276 -0.496916
423.579895 56 1.666641 -0.497855
421.675232 55 1.676281 -0.496944
421.174133 54 1.681181 -0.499953
420.331055 53 1.687242 -0.502020
419.523132 52 1.693190 -0.504192
418.886749 51 1.698564 -0.506842
418.196655 50 1.704126 -0.509349
417.355408 49 1.710202 -0.511449
416.492493 48 1.716356 -0.513497
415.902191 47 1.721598 -0.516290
414.888214 46 1.728271 -0.517942
413.920624 45 1.734793 -0.519729
413.064392 44 1.740945 -0.521821
412.308807 43 1.746763 -0.524186
411.441040 42 1.752963 -0.526257
410.552094 41 1.759238 -0.528276
409.676605 40 1.765473 -0.530336
408.786163 39 1.771762 -0.532359
408.027130 38 1.777613 -0.534729
407.341187 37 1.783224 -0.537288
406.198730 36 1.790369 -0.538666
405.014587 35 1.797657 -0.539946
403.974243 34 1.804465 -0.541601
403.098389 33 1.810724 -0.543678
402.379517 32 1.816459 -0.546152
401.288116 31 1.823444 -0.547683
400.230103 30 1.830319 -0.549301
399.529449 29 1.835998 -0.551811
399.125458 28 1.840686 -0.555052
399.373749 27 1.843197 -0.559895
