2025-09-18T23:36:25.9128
55
66
30.8268803953058
10.59487 7.05490
10.26213 6.91417
02:00:17.24 41:46:18.54
01:58:50.45 41:48:24.12
01:59:42.82 41:47:08.37
01:58:36.89 41:48:43.74
100.343105598403
97.0575852414984
94.8180881053343
91.5788229612187
89.2982155885811
83.5288679130772
87.0077348204359
82.6288438538613
7.26927894268054
5.51812854686816
0.2000
36.3464293760589
37.2621234947426
53.220735390039 SPE
132.354049962975 DSX
39.51 0.900032403904483 
37.89 5.12306802775697e-05
10.34 0.0150924999999997
6.31 0.00835549999999952
3.40 0.025601357897878
0.42 0.000457589739642661
21.38 0.325909406639795
0.99 0.000139230059081008
0.21 0.000215275192520625
-73.06 2.26044124161483
306.24 0.0385744319795549
175.816818
37.25 0.900032403904483 
34.58 0.945996477148263
10.39 0.00516750000000066
6.17 0.0545955000000005
2.66 0.195859388705435
0.47 0.012195479847981
4.44 1.06502133876201
0.94 0.015827120367243
0.24 0.00824964751260901
16.25 3.36091806934471
304.37 0.238693340041721
176.304957
