2025-09-01T21:20:18.1319
55
66
22.4287334529574
284.44049 76.77000
284.70027 76.73437
01:31:19.40 41:02:18.98
01:31:57.39 40:58:22.63
01:31:15.19 41:02:45.12
01:32:01.81 40:57:55.07
125.214265727155
121.51412578727
104.741779215616
99.6730423258286
84.8949974633852
74.9569231794521
85.9967035295813
73.8004023091216
12.4136197743935
15.2344027582781
0.3500
35.467494733821
37.2049218645103
86.9887979369517 ANT1
63.9877965166045 AUR
37.60 0.661431001077279 
35.89 0.000225005761201658
280.31 0.170253500000001
77.37 0.0245484999999945
57.29 0.0240442194500403
2.01 0.00160267968702144
138.42 29.1331677301395
0.99 0.00160510293857663
1.01 1.96786659769632e-05
25.66 0.000131410820046085
178.06 0.0660658404700882
159.204402
36.13 0.661431001077279 
33.66 0.697031105185829
280.05 0.25924150000003
77.47 0.0511565000000047
55.12 0.725672149325192
1.86 0.0463472189417453
6.97 2.02339023891929
0.84 0.0459229024062028
1.01 3.27978632479464e-05
25.66 0.000353716549181371
178.01 0.146318520217051
159.688282
