2025-09-19T03:56:27.6243
93
74
125.619925400369
77.86258 34.03507
77.43856 34.00496
-03:54:01.73 41:49:12.27
-03:55:41.40 41:49:30.44
-03:50:51.24 41:48:37.48
-03:55:46.90 41:49:31.44
264.631365777182
264.713859914765
165.723311294006
156.418117338408
85.6450378907693
79.2587855861038
97.8915410186037
78.9065699702478
6.82189029705339
20.2774005843879
0.1000
68.2189680292116
16.9670535429401 SPE
70.7468234021819 DSX
110.32 2.05688128810524 
109.75 0.000169854079572929
77.60 0.0369774999999919
34.08 0.0174220000000034
164.74 0.0283232469870995
7.32 0.00144782916695529
-0.18 3.35460665377707e-05
6.39 0.000494447493082362
0.99 0.000134843091930903
25.72 4.9882639178378e-05
190.28 0.0498820232633648
175.993181
70.28 2.05688128810524 
67.29 2.08514064240934
77.69 0.028042499999998
34.03 0.0175450000000055
160.24 0.494914554950128
1.66 0.17834974614522
7.12 4.87813133069977
0.75 0.169413027089564
0.95 0.0104547586497029
3.32 19.1144761205359
210.01 4.88300697395715
176.481368
