745.002075 17 0.492466 -0.208786
744.701721 18 0.493644 -0.206319
744.073730 19 0.495550 -0.203939
743.377747 20 0.497607 -0.201579
742.587585 21 0.499873 -0.199244
741.694763 22 0.502368 -0.196939
741.538818 23 0.503222 -0.194433
741.411804 24 0.504011 -0.191919
741.008484 25 0.505414 -0.189480
740.533813 26 0.506977 -0.187061
739.877625 27 0.508943 -0.184693
738.417908 28 0.512703 -0.182549
737.166138 29 0.516001 -0.180351
736.642090 30 0.517674 -0.177949
736.055359 31 0.519487 -0.175565
735.414429 32 0.521421 -0.173197
734.416504 33 0.524153 -0.170934
733.309631 34 0.527130 -0.168704
732.203186 35 0.530107 -0.166477
731.641357 36 0.531866 -0.164090
730.770447 37 0.534317 -0.161796
730.127075 38 0.536260 -0.159435
729.228149 39 0.538775 -0.157153
728.479248 40 0.540954 -0.154826
727.479980 41 0.543696 -0.152577
726.850403 42 0.545609 -0.150216
725.980896 43 0.548061 -0.147930
725.356445 44 0.549964 -0.145569
724.519348 45 0.552345 -0.143275
723.759155 46 0.554553 -0.140959
722.971497 47 0.556824 -0.138653
722.241028 48 0.558968 -0.136329
721.364990 49 0.561439 -0.134054
720.638611 50 0.563575 -0.131732
719.885742 51 0.565771 -0.129419
719.309875 52 0.567569 -0.127049
