2025-09-17T02:32:15.4959
93
63
70.1693132312829
21.63673 11.59410
21.29650 11.46104
-01:39:20.99 40:03:16.66
-01:37:40.83 40:06:25.75
-01:40:10.40 40:01:43.26
-01:37:15.18 40:07:14.12
203.725710987979
193.620069197113
141.202368574118
129.77636405396
77.494943660854
66.4393796656859
82.9718947353458
63.6181929444811
12.7587460196645
22.3337466985943
0.2500
51.0349840786579
50.6667421152247
41.6875729266851 SPE
120.027405977391 DSX
62.26 1.27251111452361 
61.24 9.16363799134956e-05
21.16 0.0198590000000003
11.34 0.00901299999999949
107.88 0.41553272587926
0.01 6.20696409000211e-05
-0.80 0.000856848965949397
1.00 4.22991471731304e-05
0.00 3.08851612542131e-05
25.77 1.08492404820026e-05
351.14 0.038320865961964
173.984623
52.31 1.27251111452361 
49.79 1.3042552398839
21.12 0.0259435000000003
11.22 0.0275444999999994
19.79 2.88233017375589
0.04 0.00777451267096225
-5.87 2.79075402056589
1.00 0.0010949525647086
0.02 0.00388986200722076
25.79 0.00150797879075881
343.74 1.37044606942129
174.472264
