1008.015625 513 5.682342 0.574249
1008.593506 514 5.679349 0.575319
1009.546997 515 5.675371 0.575855
1010.631104 516 5.671049 0.576195
1011.623108 517 5.666964 0.576653
1012.531616 518 5.663092 0.577216
1013.592041 519 5.658823 0.577551
1014.484741 520 5.654985 0.578113
1015.547180 521 5.650705 0.578421
1016.589661 522 5.646475 0.578743
1017.431458 523 5.642758 0.579343
1018.340820 524 5.638864 0.579835
1019.450806 525 5.634452 0.580022
1020.349548 526 5.630579 0.580504
1021.058167 527 5.627189 0.581255
1022.042297 528 5.623091 0.581590
1023.563538 529 5.617625 0.581116
1023.858459 530 5.615275 0.582449
1024.862549 531 5.611119 0.582718
1026.542603 532 5.605252 0.581959
1027.161865 533 5.602067 0.582778
1028.432129 534 5.597237 0.582604
1028.584351 535 5.595219 0.584112
1029.170410 536 5.592104 0.584955
1030.143799 537 5.588011 0.585199
1030.910278 538 5.584435 0.585747
1032.000000 539 5.580048 0.585788
1033.640747 540 5.574287 0.584964
1033.906128 541 5.571952 0.586253
1034.544800 542 5.568683 0.586956
1035.940552 543 5.563532 0.586468
1037.505249 544 5.557969 0.585698
1038.025024 545 5.554987 0.586553
1037.945068 546 5.553476 0.588346
1038.451538 547 5.550515 0.589210
1040.159302 548 5.544599 0.588159
1040.444458 549 5.542173 0.589354
1041.704346 550 5.537358 0.588986
1042.712891 551 5.533158 0.589006
1044.597656 552 5.526830 0.587602
1044.858032 553 5.524448 0.588800
1044.789307 554 5.522857 0.590525
1045.447388 555 5.519500 0.591068
