2025-09-13T03:33:56.9942
14
85
10.5764958019166
87.21833 -16.00791
86.93006 -16.01486
-03:54:35.66 35:38:03.05
-04:12:39.68 35:51:19.44
-03:23:34.36 35:14:58.92
-04:03:14.46 35:44:25.08
160.66578922544
131.944896573565
245.968525856682
175.295292488972
99.3698955287409
83.685173988827
127.194452919929
91.8162731761513
40.3613997455315
89.6620499336004
0.6500
62.0944520365278
55.6294125623224
84.6105473722147 ANT1
65.2101348545391 SPE
52.8377707183655 DSX
66.27 0.420817008912687 
65.31 3.79715212943665e-05
87.32 0.00871300000000019
-16.50 0.00250899999999987
115.72 0.00406963276992656
2.47 0.000167718484622714
-2.07 0.000698113349178797
1.48 0.000151619183714091
1.00 3.95011307561255e-05
25.68 3.54867655865121e-05
-10.75 0.0203053609906547
350.129996
62.53 0.430890179489633 
61.08 0.438057259430295
87.37 0.0109594999999985
-16.56 0.00939999999999941
113.36 0.27496969626084
2.09 0.0378997213599952
-12.57 5.01990841683562
1.09 0.0376407501617066
1.00 0.000248101944559154
25.68 0.000636143946621814
-11.54 0.230150001266132
350.616610
