3811.93260536185 3412.26618838614 3796.06471033883 0.66546502363307 0.695816886997577 -0.270176168619732
3811.92016401607 3412.28008689083 3796.06471033883 0.675410084059745 0.686745985984641 -0.268702752282874
3811.90772261963 3412.29398535016 3796.06471033883 0.68525246139661 0.677530627104163 -0.267172815768609
3811.89528117251 3412.30788376413 3796.06471033883 0.695136777545101 0.667991716023185 -0.265653774354164
3811.88283967471 3412.32178213273 3796.06471033883 0.705133991908659 0.658059010671599 -0.264091635476922
3811.87039812624 3412.33568045597 3796.06471033883 0.715386180867624 0.647650078001977 -0.262244139472493
3811.8579565271 3412.34957873385 3796.06471033883 0.725851197958263 0.636765916025622 -0.260133055590027
3811.84551487728 3412.36347696637 3796.06471033883 0.736708613019218 0.624921668227297 -0.25832794677176
3811.83307317679 3412.37737515352 3796.06471033883 0.746438042888498 0.614089621084555 -0.256367286144345
3811.82063142563 3412.39127329531 3796.06471033883 0.756925197147202 0.602085782151056 -0.254080610939168
3811.80818962379 3412.40517139174 3796.06471033883 0.767282059110195 0.589865769716871 -0.251667668729902
3811.79574777128 3412.4190694428 3796.06471033883 0.77760879163172 0.577239669219748 -0.249236697651312
3811.78330586809 3412.4329674485 3796.06471033883 0.789237306877325 0.562537394015971 -0.246284700634749
3811.77086391424 3412.44686540883 3796.06471033883 0.796047258482498 0.553584207748028 -0.24464931472311
