1119 157.275009 0.958159 -0.378845
1120 158.794373 0.956557 -0.377173
1121 152.862976 0.957791 -0.385223
1122 157.644745 0.954944 -0.379290
1123 157.429611 0.954001 -0.379880
1124 155.806229 0.953594 -0.382309
1125 161.865906 0.950273 -0.374724
1126 153.840057 0.952293 -0.385500
1127 157.773895 0.949772 -0.380677
1128 157.091141 0.949007 -0.381881
1129 159.418976 0.947101 -0.379160
1130 160.373947 0.945715 -0.378230
1131 161.883377 0.944122 -0.376580
1132 157.835022 0.944627 -0.382169
1133 161.329117 0.942283 -0.377932
1134 160.044754 0.941743 -0.379921
1135 163.029037 0.939595 -0.376354
1136 163.774872 0.938291 -0.375702
1137 162.650238 0.937690 -0.377482
1138 160.022766 0.937655 -0.381222
1139 163.354752 0.935378 -0.377204
1140 163.421356 0.934329 -0.377437
1141 159.140945 0.934915 -0.383331
1142 162.383087 0.932671 -0.379429
1143 159.725677 0.932646 -0.383212
1144 162.529266 0.930569 -0.379883
1145 163.296555 0.929257 -0.379208
1146 164.450073 0.927802 -0.378031
1147 162.760757 0.927411 -0.380552
1148 159.071487 0.927772 -0.385682
1149 162.376099 0.925507 -0.381702
1150 162.578842 0.924408 -0.381764
1151 161.168259 0.923913 -0.383927
1152 162.855118 0.922257 -0.382058
1153 159.393082 0.922531 -0.386895
1154 159.761673 0.921369 -0.386743
1155 165.651138 0.918142 -0.379406
1156 162.498138 0.918296 -0.383836
1157 163.925919 0.916739 -0.382308
1158 166.338562 0.914816 -0.379502
1159 167.013916 0.913542 -0.378956
1160 166.253952 0.912801 -0.380274
1161 164.088348 0.912584 -0.383422
1162 163.744614 0.911688 -0.384202
1163 164.593719 0.910349 -0.383430
1164 163.279648 0.909815 -0.385474
1165 163.973160 0.908533 -0.384906
1166 162.745972 0.907966 -0.386839
1167 163.505096 0.906660 -0.386186
1168 162.595032 0.905975 -0.387707
1169 162.299515 0.905061 -0.388429
1170 162.851410 0.903832 -0.388048
1171 162.732239 0.902853 -0.388541
1172 163.154404 0.901672 -0.388330
1173 164.589188 0.900115 -0.386802
1174 163.834671 0.899372 -0.388123
1175 162.934372 0.898683 -0.389636
1176 164.042114 0.897247 -0.388535
1177 164.066711 0.896215 -0.388844
1178 164.936386 0.894869 -0.388054
1179 164.319931 0.894073 -0.389199
1180 164.610107 0.892942 -0.389165
1181 164.891266 0.891814 -0.389143
1182 164.976120 0.890759 -0.389377
1183 165.646805 0.889488 -0.388849
1184 165.153305 0.888647 -0.389837
1185 165.655579 0.887437 -0.389529
1186 165.965073 0.886299 -0.389474
1187 166.058380 0.885241 -0.389700
1188 166.503967 0.884053 -0.389468
1189 167.251572 0.882754 -0.388844
1190 168.050140 0.881437 -0.388155
1191 170.171188 0.879634 -0.385750
1192 172.399490 0.877794 -0.383210
1193 171.843323 0.876975 -0.384282
1194 169.521683 0.876803 -0.387645
1195 168.545639 0.876137 -0.389265
1196 168.772797 0.875030 -0.389322
1197 168.414276 0.874138 -0.390141
1198 168.940536 0.872922 -0.389811
1199 168.984985 0.871882 -0.390107
1200 169.111862 0.870812 -0.390297
1201 169.356018 0.869699 -0.390335
1202 169.839203 0.868499 -0.390064
1203 169.852829 0.867470 -0.390402
1204 170.331757 0.866271 -0.390138
1205 170.677490 0.865121 -0.390046
1206 170.824356 0.864044 -0.390214
1207 171.084335 0.862926 -0.390235
1208 171.397095 0.861788 -0.390188
1209 171.711761 0.860650 -0.390140
1210 171.736176 0.859617 -0.390469
1211 172.129013 0.858451 -0.390320
1212 172.304703 0.857363 -0.390454
1213 172.306030 0.856339 -0.390814
1214 172.999512 0.855063 -0.390277
1215 173.030441 0.854029 -0.390600
1216 173.338638 0.852893 -0.390564
1217 173.662430 0.851752 -0.390509
1218 173.924881 0.850633 -0.390534
1219 174.029480 0.849571 -0.390764
1220 174.590012 0.848345 -0.390403
1221 174.650070 0.847299 -0.390692
1222 174.863678 0.846198 -0.390783
1223 175.133987 0.845077 -0.390800
1224 175.369995 0.843968 -0.390863
1225 175.840775 0.842774 -0.390622
1226 175.925125 0.841720 -0.390882
1227 176.327515 0.840551 -0.390731
1228 176.427353 0.839491 -0.390972
1229 176.818756 0.838326 -0.390837
1230 177.140625 0.837187 -0.390792
1231 177.468430 0.836045 -0.390740
1232 177.497086 0.835011 -0.391076
1233 177.898651 0.833842 -0.390929
1234 178.197418 0.832711 -0.390917
1235 178.395554 0.831616 -0.391035
1236 178.701767 0.830482 -0.391014
1237 178.872284 0.829397 -0.391169
1238 179.379715 0.828191 -0.390889
1239 179.444702 0.827144 -0.391182
1240 179.683121 0.826035 -0.391251
1241 180.067627 0.824873 -0.391132
1242 180.377991 0.823738 -0.391109
1243 180.682755 0.822605 -0.391094
1244 180.774948 0.821548 -0.391355
1245 181.119843 0.820401 -0.391289
1246 181.547775 0.819224 -0.391117
1247 181.764206 0.818123 -0.391219
1248 181.967209 0.817026 -0.391339
1249 182.239944 0.815905 -0.391369
1250 182.614777 0.814747 -0.391268
1251 182.887375 0.813626 -0.391299
1252 183.128326 0.812516 -0.391373
1253 183.546249 0.811343 -0.391218
1254 183.768860 0.810239 -0.391316
1255 184.054504 0.809114 -0.391333
1256 184.335541 0.807989 -0.391357
1257 184.652344 0.806853 -0.391335
1258 184.977936 0.805713 -0.391302
1259 185.214890 0.804604 -0.391385
1260 185.523758 0.803471 -0.391375
1261 185.802933 0.802347 -0.391404
1262 186.086975 0.801222 -0.391428
1263 186.422333 0.800079 -0.391386
1264 186.738495 0.798943 -0.391369
1265 186.973892 0.797835 -0.391458
1266 187.219543 0.796724 -0.391533
1267 187.562698 0.795578 -0.391483
1268 187.817505 0.794463 -0.391548
1269 188.273636 0.793278 -0.391354
1270 188.482376 0.792180 -0.391480
1271 188.831665 0.791032 -0.391425
1272 189.101395 0.789912 -0.391473
1273 189.437454 0.788769 -0.391436
1274 189.783127 0.787623 -0.391388
1275 190.065948 0.786498 -0.391421
1276 190.425964 0.785347 -0.391355
1277 190.701614 0.784225 -0.391399
1278 190.977554 0.783103 -0.391443
1279 191.280869 0.781972 -0.391452
1280 191.568695 0.780846 -0.391482
1281 191.918289 0.779699 -0.391432
1282 192.227676 0.778565 -0.391436
1283 192.507431 0.777442 -0.391478
1284 192.848633 0.776297 -0.391441
1285 193.167664 0.775161 -0.391434
1286 193.512482 0.774015 -0.391394
1287 193.832825 0.772878 -0.391386
1288 194.086670 0.771764 -0.391465
1289 194.382568 0.770635 -0.391489
1290 194.722885 0.769491 -0.391458
1291 195.062180 0.768347 -0.391428
1292 195.398300 0.767205 -0.391403
1293 195.712692 0.766070 -0.391407
1294 195.990234 0.764947 -0.391458
1295 196.335434 0.763802 -0.391424
1296 196.745804 0.762634 -0.391306
1297 196.994232 0.761521 -0.391397
1298 197.377060 0.760363 -0.391315
1299 197.712021 0.759221 -0.391296
1300 198.028931 0.758085 -0.391301
1301 198.350189 0.756948 -0.391301
1302 198.630905 0.755824 -0.391353
1303 198.995773 0.754672 -0.391298
1304 199.353973 0.753522 -0.391252
1305 199.656525 0.752391 -0.391279
1306 199.988312 0.751250 -0.391268
1307 200.361526 0.750095 -0.391205
1308 200.670288 0.748962 -0.391225
1309 201.058853 0.747802 -0.391144
1310 201.352936 0.746674 -0.391184
1311 201.694595 0.745530 -0.391164
1312 202.026688 0.744389 -0.391156
1313 202.457306 0.743215 -0.391023
1314 202.764786 0.742082 -0.391049
1315 203.074829 0.740949 -0.391072
1316 203.464050 0.739788 -0.390994
1317 203.773636 0.738655 -0.391019
1318 204.120316 0.737509 -0.390996
1319 204.514740 0.736347 -0.390914
1320 204.880127 0.735195 -0.390869
1321 205.242157 0.734044 -0.390829
1322 205.564972 0.732906 -0.390840
1323 205.882599 0.731770 -0.390858
1324 206.201660 0.730634 -0.390875
1325 206.560150 0.729484 -0.390842
1326 206.913696 0.728336 -0.390816
1327 207.287415 0.727181 -0.390765
1328 207.559311 0.726061 -0.390845
1329 207.944092 0.724902 -0.390781
1330 208.290939 0.723756 -0.390766
1331 208.649445 0.722606 -0.390737
1332 209.017715 0.721453 -0.390696
1333 209.410278 0.720292 -0.390625
1334 209.756287 0.719146 -0.390614
1335 210.145142 0.717986 -0.390548
1336 210.506531 0.716835 -0.390519
1337 210.815674 0.715702 -0.390556
1338 211.162613 0.714556 -0.390547
1339 211.543381 0.713399 -0.390494
1340 211.916290 0.712244 -0.390452
1341 212.256470 0.711101 -0.390453
1342 212.603119 0.709955 -0.390446
1343 212.991791 0.708795 -0.390386
1344 213.348038 0.707646 -0.390368
1345 213.758667 0.706479 -0.390282
1346 214.166870 0.705312 -0.390199
1347 214.468674 0.704181 -0.390252
1348 214.853516 0.703023 -0.390200
1349 215.206161 0.701875 -0.390190
1350 215.578217 0.700720 -0.390156
1351 215.950516 0.699566 -0.390122
1352 216.399445 0.698386 -0.389991
1353 216.724167 0.697247 -0.390019
1354 217.078079 0.696099 -0.390011
1355 217.468719 0.694938 -0.389956
1356 217.843353 0.693783 -0.389922
1357 218.267197 0.692611 -0.389827
1358 218.653107 0.691452 -0.389780
1359 219.005630 0.690304 -0.389776
1360 219.400208 0.689142 -0.389720
1361 219.758362 0.687992 -0.389710
1362 220.122604 0.686840 -0.389694
1363 220.524841 0.685676 -0.389629
1364 220.922745 0.684512 -0.389571
1365 221.244492 0.683375 -0.389611
1366 221.585892 0.682230 -0.389626
1367 221.855438 0.681110 -0.389732
1368 222.048904 0.680014 -0.389936
1369 222.151703 0.678949 -0.390256
1370 222.152939 0.677917 -0.390705
1371 222.293579 0.676839 -0.390978
1372 222.529129 0.675729 -0.391131
1373 222.916473 0.674569 -0.391092
1374 222.883896 0.673548 -0.391586
1375 223.178085 0.672419 -0.391667
1376 222.732040 0.671534 -0.392687
