44
Detecciones/2025/20250922/Mataro
2025-09-23T04:21:53.0012 F042152-001.jpg  441 81 440 79 3
2025-09-23T04:21:53.1012 F042152-002.jpg  439 79 438 77 3
2025-09-23T04:21:53.2012 F042152-003.jpg  438 77 437 75 3
2025-09-23T04:21:53.3012 F042152-004.jpg  437 75 436 73 3
2025-09-23T04:21:53.4012 F042152-005.jpg  436 73 434 71 3
2025-09-23T04:21:53.5012 F042152-006.jpg  434 71 433 69 3
2025-09-23T04:21:53.6012 F042152-007.jpg  433 69 432 67 3
2025-09-23T04:21:53.7012 F042152-008.jpg  432 67 430 65 3
2025-09-23T04:21:53.8012 F042152-009.jpg  430 66 429 63 3
2025-09-23T04:21:53.9012 F042152-010.jpg  429 64 427 61 3
2025-09-23T04:21:54.0012 F042152-011.jpg  428 62 426 59 3
2025-09-23T04:21:54.1012 F042152-012.jpg  426 60 425 57 3
2025-09-23T04:21:54.2012 F042152-013.jpg  425 59 424 57 3
2025-09-23T04:21:54.3012 F042152-014.jpg  422 56 422 54 3
2025-09-23T04:21:54.4012 F042152-015.jpg  422 55 420 52 3
2025-09-23T04:21:54.5012 F042152-016.jpg  421 54 419 49 3
2025-09-23T04:21:54.6012 F042152-017.jpg  420 52 417 48 3
2025-09-23T04:21:54.7034 F042152-018.jpg  418 51 416 46 3
2025-09-23T04:21:54.8034 F042152-019.jpg  417 50 415 44 3
2025-09-23T04:21:54.9034 F042152-020.jpg  416 48 413 42 3
2025-09-23T04:21:55.0034 F042152-021.jpg  415 46 412 41 3
2025-09-23T04:21:55.1034 F042152-022.jpg  413 45 411 39 3
2025-09-23T04:21:55.2034 F042152-023.jpg  412 44 409 38 3
2025-09-23T04:21:55.3034 F042152-024.jpg  411 42 408 36 3
2025-09-23T04:21:55.4034 F042152-025.jpg  409 41 407 35 3
2025-09-23T04:21:55.5034 F042152-026.jpg  408 39 406 33 3
2025-09-23T04:21:55.6034 F042152-027.jpg  407 38 404 32 3
2025-09-23T04:21:55.7034 F042152-028.jpg  406 37 403 31 3
2025-09-23T04:21:55.8034 F042152-029.jpg  404 36 402 30 3
2025-09-23T04:21:55.9034 F042152-030.jpg  403 34 401 29 3
2025-09-23T04:21:56.0034 F042152-031.jpg  402 33 400 29 3
2025-09-23T04:21:56.1034 F042152-032.jpg  401 32 399 28 3
2025-09-23T04:21:56.2034 F042152-033.jpg  400 31 398 27 3
2025-09-23T04:21:56.3034
63
Detecciones/2025/20250922/Segorbe/F042154-media.fits
126 : 619 : 101 : 612 :5
