2025-09-23T04:21:53.0012
44
63
103.198355401038
354.95746 29.70411
354.63502 29.56143
03:06:32.98 39:53:49.96
03:46:49.82 39:44:38.16
03:21:04.65 39:50:32.83
03:40:31.69 39:46:05.57
206.976168118841
234.072685470996
329.17882201427
353.650874217392
76.2449666426637
43.5556477256496
64.3676875427873
48.6202109717524
68.7823884046785
33.1937641252469
3.2022
21.4797294926139
22.7560715910346
141.034192693273 DSX
33.7308329137658 STA
25.00 0.0366696437165548 
22.36 2.02594963631952e-05
351.04 0.00558200000000397
27.16 0.00465199999999655
20.44 0.00289026052174179
1.05 0.000143684589135384
2.01 0.000674651404136917
0.69 7.46571181182709e-05
0.62 6.49165818463748e-05
23.01 0.00144623314123393
266.56 0.0114976848589095
179.919640
21.52 0.0366696437165548 
18.34 0.0429559871409637
349.56 0.0256620000000112
26.27 0.017118
16.41 0.044577329651954
1.06 0.000230750959756776
1.59 0.00356263424540493
0.58 0.00128840838716526
0.67 0.000651216163836899
23.86 0.00685963522946764
264.51 0.0341798219498628
180.408911
