2025-09-06T03:32:20.8864
30
9
25.4881695890002
340.37906 0.51902
340.05047 0.38435
-04:46:15.15 37:10:11.97
-04:32:00.73 37:15:09.87
-04:44:43.86 37:10:43.91
-04:38:38.01 37:12:51.65
187.496704822017
203.99867268522
167.631006668998
171.175607962943
66.2214999763619
53.5333362658548
64.8582075116683
59.4129728663856
26.4415533137388
11.3342640723429
1.4500
18.235553409793
18.6375314021246
56.058292655965 ANT1
70.0791134131946 SPE
19.04 0.131032723309293 
15.41 7.67037815787575e-05
334.38 0.020586499999979
-4.39 0.00354399999999977
2.81 0.00403554553222518
1.17 0.000399946436742349
1.78 0.00114427901896175
0.59 0.000168833367140575
0.73 0.000173946597483376
23.44 0.00233440342769242
254.57 0.0356772669411498
163.329603
18.37 0.131032723309293 
14.40 0.165924198849055
333.77 0.128975500000024
-4.94 0.10232
2.47 0.0552438895454372
1.18 0.000678489742383048
1.70 0.0155456435668528
0.56 0.00573822755918263
0.76 0.00310840235997079
23.59 0.0306769843299115
252.50 0.25152151511881
163.814481
