726 20.685184 1.516357 -0.132225
725 20.573189 1.517679 -0.130648
724 19.457020 1.521119 -0.130669
723 18.542263 1.524135 -0.130376
722 17.108696 1.528245 -0.130915
721 16.446657 1.530731 -0.130232
720 15.138714 1.534578 -0.130585
719 14.401301 1.537225 -0.130032
718 13.427746 1.540371 -0.129863
717 12.332339 1.543774 -0.129896
716 11.077092 1.547514 -0.130192
715 10.394636 1.550050 -0.129573
714 9.114735 1.553844 -0.129923
713 8.336135 1.556585 -0.129470
712 6.561201 1.561421 -0.130633
711 6.718475 1.562199 -0.128679
710 4.364381 1.568252 -0.130795
709 3.911700 1.570313 -0.129838
708 3.221675 1.572874 -0.129270
707 2.149504 1.576239 -0.129329
706 2.146542 1.577362 -0.127653
