2025-09-18T23:36:25.4808
20
66
112.644106306499
10.57750 5.12912
10.24567 4.98838
02:00:23.68 41:46:45.86
01:59:39.72 41:47:52.53
01:59:55.34 41:47:28.86
01:58:49.38 41:49:08.85
142.343977317648
139.351665237689
96.783645136606
93.7020022426574
90.678260356286
87.8329582040869
88.8429068700707
84.5800587687772
3.6755099272226
5.50812205670602
0.1000
36.75504669371
36.0729195717913
54.6444395533015 SPE
132.554018278555 DSX
39.32 1.51333957894849 
37.70 6.99870603213526e-05
10.33 0.0227404999999994
4.33 0.00244149999999976
0.20 0.0214671718355204
0.44 0.00060359523740755
36.93 1.24403388561414
0.99 0.000193514383919124
0.22 0.000281326301717705
-198.71 11.3396140299159
124.49 0.0496738310518339
355.816818
38.27 1.51333957894849 
35.01 1.58888292050696
10.38 0.00641899999999929
4.20 0.0824414999999998
0.40 0.106010131629818
0.49 0.0199585075240231
7.94 4.35745904293229
0.95 0.0270244396751669
0.25 0.0136525969378995
0.85 18.1794140999525
122.78 0.374706455788782
356.304957
