516 469.046570 0.196798 1.043637
515 469.283508 0.197671 1.046067
514 469.616882 0.198134 1.048582
513 470.052582 0.198157 1.051190
512 470.574860 0.197802 1.053874
511 470.923706 0.198210 1.056404
510 471.392151 0.198094 1.059041
509 471.897614 0.197815 1.061711
508 472.221008 0.198347 1.064219
507 472.799072 0.197746 1.066955
506 473.262695 0.197656 1.069589
505 473.597168 0.198150 1.072107
504 474.086151 0.197951 1.074764
503 474.424713 0.198436 1.077286
502 474.933777 0.198148 1.079962
501 475.351776 0.198278 1.082555
500 475.723358 0.198625 1.085108
499 476.085114 0.199022 1.087651
498 476.221252 0.200475 1.089991
