2025-09-17T02:32:15.4959
93
20
144.049073116864
20.02309 4.21253
19.69007 4.07805
-01:39:59.07 40:01:51.62
-01:37:36.15 40:06:36.25
-01:38:01.15 40:05:46.51
-01:36:16.74 40:09:14.07
206.791707751937
193.248844495785
302.096511099916
293.665094851936
78.7248365377909
66.3043255898474
68.4703286462282
59.4428387974449
15.6481828985174
11.3823276087643
0.2500
62.5927315940697
50.0247594319021
48.4800031745381 SPE
122.218220357374 DSX
77.42 1.44539895124801 
76.61 7.21912173275996e-05
19.65 0.0154439999999987
4.01 0.00660599999999967
123.27 0.154642694090128
0.05 0.000297590716823559
-0.29 0.000113331876780254
1.08 0.000460405663749164
0.02 0.000138403315053645
25.76 1.19326941216968e-05
152.42 0.0809293269338696
353.984623
64.04 1.44539895124801 
61.58 1.46906803481538
19.61 0.0197000000000003
3.90 0.0208895
51.09 5.73862681133474
0.04 0.00434507148127123
-0.63 0.064891268689498
1.03 0.00049182902642575
0.02 0.00213777905654673
25.77 0.00117035389366649
159.58 0.76393084882821
354.472264
