55
Detecciones/2025/20250922/Cabrils
2025-09-23T04:21:52.2545 F042152-001.jpg  1165 539 1166 538 3
2025-09-23T04:21:52.3045 F042152-002.jpg  1167 537 1168 535 3
2025-09-23T04:21:52.3545 F042152-003.jpg  1169 534 1170 532 3
2025-09-23T04:21:52.4045 F042152-004.jpg  1170 531 1172 529 3
2025-09-23T04:21:52.4545 F042152-005.jpg  1172 528 1174 526 3
2025-09-23T04:21:52.5045 F042152-006.jpg  1173 526 1175 524 3
2025-09-23T04:21:52.5545 F042152-007.jpg  1176 521 1177 521 3
2025-09-23T04:21:52.6045 F042152-008.jpg  1176 520 1178 518 3
2025-09-23T04:21:52.6545 F042152-009.jpg  1178 517 1180 515 3
2025-09-23T04:21:52.7045 F042152-010.jpg  1179 515 1182 512 3
2025-09-23T04:21:52.7545 F042152-011.jpg  1181 512 1183 509 3
2025-09-23T04:21:52.8045 F042152-012.jpg  1182 509 1185 507 3
2025-09-23T04:21:52.8545 F042152-013.jpg  1184 506 1186 504 3
2025-09-23T04:21:52.9045 F042152-014.jpg  1185 504 1188 501 3
2025-09-23T04:21:52.9545 F042152-015.jpg  1187 501 1190 498 3
2025-09-23T04:21:53.0045 F042152-016.jpg  1188 498 1191 495 3
2025-09-23T04:21:53.0545 F042152-017.jpg  1190 496 1192 493 3
2025-09-23T04:21:53.1045 F042152-018.jpg  1191 493 1194 490 3
2025-09-23T04:21:53.1545 F042152-019.jpg  1192 490 1195 487 3
2025-09-23T04:21:53.2045 F042152-020.jpg  1194 488 1197 484 3
2025-09-23T04:21:53.2545 F042152-021.jpg  1195 485 1198 481 3
2025-09-23T04:21:53.3045 F042152-022.jpg  1196 482 1200 479 3
2025-09-23T04:21:53.3545 F042152-023.jpg  1198 479 1201 476 3
2025-09-23T04:21:53.4045 F042152-024.jpg  1199 477 1202 473 3
2025-09-23T04:21:53.4545 F042152-025.jpg  1200 474 1204 471 3
2025-09-23T04:21:53.5045 F042152-026.jpg  1201 471 1205 468 3
2025-09-23T04:21:53.5545 F042152-027.jpg  1203 469 1206 465 3
2025-09-23T04:21:53.6045 F042152-028.jpg  1204 466 1207 463 3
2025-09-23T04:21:53.6545 F042152-029.jpg  1206 463 1208 460 3
2025-09-23T04:21:53.7045 F042152-030.jpg  1206 461 1210 457 3
2025-09-23T04:21:53.7548 F042152-031.jpg  1208 458 1211 455 3
2025-09-23T04:21:53.8048 F042152-032.jpg  1209 456 1213 452 3
2025-09-23T04:21:53.8548 F042152-033.jpg  1210 453 1214 449 3
2025-09-23T04:21:53.9048 F042152-034.jpg  1211 451 1215 446 3
2025-09-23T04:21:53.9548 F042152-035.jpg  1212 448 1216 444 3
2025-09-23T04:21:54.0048 F042152-036.jpg  1213 445 1217 442 3
2025-09-23T04:21:54.0548 F042152-037.jpg  1214 442 1218 439 3
2025-09-23T04:21:54.1048 F042152-038.jpg  1215 440 1220 436 3
2025-09-23T04:21:54.1548 F042152-039.jpg  1216 438 1223 433 3
2025-09-23T04:21:54.2048 F042152-040.jpg  1217 435 1224 431 3
2025-09-23T04:21:54.2548 F042152-041.jpg  1218 433 1226 428 3
2025-09-23T04:21:54.3048 F042152-042.jpg  1219 430 1226 426 3
2025-09-23T04:21:54.3548 F042152-043.jpg  1220 428 1228 423 3
2025-09-23T04:21:54.4048 F042152-044.jpg  1221 425 1229 421 3
2025-09-23T04:21:54.4548 F042152-045.jpg  1222 423 1229 418 3
2025-09-23T04:21:54.5048 F042152-046.jpg  1223 420 1230 416 3
2025-09-23T04:21:54.5548 F042152-047.jpg  1224 418 1231 413 3
2025-09-23T04:21:54.6048 F042152-048.jpg  1225 416 1232 411 3
2025-09-23T04:21:54.6548 F042152-049.jpg  1226 413 1233 408 3
2025-09-23T04:21:54.7048 F042152-050.jpg  1227 411 1231 406 3
2025-09-23T04:21:54.7548 F042152-051.jpg  1228 408 1232 404 3
2025-09-23T04:21:54.8048 F042152-052.jpg  1229 406 1236 401 3
2025-09-23T04:21:54.8548 F042152-053.jpg  1229 404 1237 399 3
2025-09-23T04:21:54.9048 F042152-054.jpg  1230 401 1238 396 3
2025-09-23T04:21:54.9548 F042152-055.jpg  1231 399 1239 394 3
2025-09-23T04:21:55.0048 F042152-056.jpg  1232 397 1240 391 3
2025-09-23T04:21:55.0548 F042152-057.jpg  1232 395 1240 389 3
2025-09-23T04:21:55.1048 F042152-058.jpg  1233 392 1241 387 3
2025-09-23T04:21:55.1548 F042152-059.jpg  1234 390 1243 384 3
2025-09-23T04:21:55.2048 F042152-060.jpg  1235 388 1243 382 3
2025-09-23T04:21:55.2597 F042152-061.jpg  1235 385 1244 380 3
2025-09-23T04:21:55.3097 F042152-062.jpg  1236 383 1244 378 3
2025-09-23T04:21:55.3597 F042152-063.jpg  1237 381 1245 376 3
2025-09-23T04:21:55.4097 F042152-064.jpg  1238 379 1245 374 3
2025-09-23T04:21:55.4597 F042152-065.jpg  1238 376 1246 372 3
2025-09-23T04:21:55.5097 F042152-066.jpg  1239 374 1246 370 3
2025-09-23T04:21:55.5597 F042152-067.jpg  1240 372 1247 368 3
2025-09-23T04:21:55.6097 F042152-068.jpg  1240 370 1246 366 3
2025-09-23T04:21:55.6597 F042152-069.jpg  1241 368 1246 364 3
2025-09-23T04:21:55.7097 F042152-070.jpg  1241 366 1246 362 3
2025-09-23T04:21:55.7597 F042152-071.jpg  1242 364 1247 360 3
2025-09-23T04:21:55.8097 F042152-072.jpg  1243 363 1247 358 3
2025-09-23T04:21:55.8597 F042152-073.jpg  1243 361 1247 357 3
2025-09-23T04:21:55.9097 F042152-074.jpg  1244 359 1248 355 3
2025-09-23T04:21:55.9597 F042152-075.jpg  1244 357 1248 353 3
2025-09-23T04:21:56.0097 F042152-076.jpg  1245 355 1248 352 3
2025-09-23T04:21:56.0597 F042152-077.jpg  1246 353 1247 352 3
2025-09-23T04:21:56.1097
97
Detecciones/2025/20250922/Consell/F042151-media.fits
543 : 655 : 389 : 628 :5
