2025-09-23T04:21:52.2545
55
97
105.059128810487
354.41739 29.73247
354.09572 29.58992
02:58:05.90 39:55:46.29
03:45:57.69 39:44:39.95
02:52:38.98 39:57:00.68
03:12:14.28 39:52:31.86
202.50461814644
234.277492364462
93.0109784987781
82.5234950133041
81.9383551810624
43.55219016105
86.3755418421824
70.4879743596339
81.6121405258796
33.4911145897252
3.8052
21.4475292710777
23.888704046006
141.346458225888 DSX
34.1084307371379 STA
24.71 0.0336349397911388 
22.03 3.81139676264297e-05
350.39 0.00844649999999092
27.11 0.00916650000000274
20.15 0.00564684574636942
1.06 0.000222140018923511
2.00 0.00109035876155428
0.69 0.000128885828525882
0.63 9.87832797338939e-05
23.02 0.00233447424521671
265.47 0.0176771723799334
179.919640
21.48 0.0336349397911388 
18.30 0.0394230927296029
348.98 0.0271079999999984
26.25 0.0209040000000016
16.41 0.0434627232054758
1.07 0.00027638242323369
1.61 0.00366377512302596
0.58 0.00124256977479076
0.68 0.000625717765389444
23.82 0.0070970350759616
263.44 0.0392433095362321
180.408911
