543 655.406128 1.362792 1.037334
542 655.248535 1.367347 1.036818
541 655.070923 1.371888 1.036247
540 654.782593 1.376384 1.035403
539 654.428772 1.380845 1.034396
538 654.262024 1.385359 1.033828
537 653.932190 1.389803 1.032864
536 653.774597 1.394301 1.032302
535 653.503723 1.398744 1.031464
534 653.422791 1.403256 1.031070
533 653.464966 1.407815 1.030961
532 653.517395 1.412378 1.030868
531 653.632019 1.416968 1.030916
530 653.606934 1.421490 1.030624
529 653.496277 1.425964 1.030121
528 653.416321 1.430446 1.029683
527 652.989380 1.434735 1.028415
526 652.738159 1.439105 1.027557
525 652.478577 1.443457 1.026672
524 652.208435 1.447791 1.025755
523 651.750488 1.452001 1.024387
522 651.635193 1.456402 1.023823
521 651.509399 1.460789 1.023227
520 651.492737 1.465237 1.022881
519 651.490601 1.469690 1.022562
518 651.509155 1.474153 1.022285
517 651.644531 1.478691 1.022275
516 651.494019 1.483028 1.021584
515 651.419373 1.487410 1.021064
514 651.246582 1.491712 1.020307
513 650.724976 1.495743 1.018723
512 650.573730 1.500037 1.018002
511 650.108582 1.504078 1.016539
510 649.940979 1.508335 1.015767
509 649.577026 1.512425 1.014529
508 649.520996 1.516750 1.014005
507 649.422668 1.521033 1.013376
506 649.489990 1.525447 1.013127
505 649.505859 1.529814 1.012750
504 649.511780 1.534167 1.012343
503 649.453491 1.538458 1.011779
502 649.381165 1.542728 1.011175
501 648.869385 1.546590 1.009541
500 648.844543 1.550882 1.009034
499 648.381409 1.554757 1.007502
498 648.159790 1.558844 1.006526
497 647.638733 1.562632 1.004848
496 647.524109 1.566795 1.004108
495 647.513733 1.571052 1.003603
494 647.493958 1.575293 1.003069
493 647.540466 1.579594 1.002682
492 647.537231 1.583839 1.002172
491 647.419067 1.587958 1.001391
490 647.269043 1.592035 1.000529
489 647.016724 1.595993 0.999426
488 646.975403 1.600164 0.998802
487 646.364258 1.603712 0.996862
486 646.059998 1.607574 0.995622
485 645.877136 1.611556 0.994656
484 645.849670 1.615700 0.994040
483 645.503784 1.619479 0.992688
482 645.508789 1.623641 0.992134
481 645.498840 1.627779 0.991539
480 645.500000 1.631923 0.990962
479 645.346680 1.635880 0.990027
478 645.219116 1.639856 0.989144
477 644.901733 1.643597 0.987824
476 644.861023 1.647655 0.987127
475 644.211182 1.650969 0.985041
474 644.005981 1.654805 0.983960
473 643.874329 1.658719 0.983041
472 643.596191 1.662442 0.981783
471 643.549316 1.666441 0.981044
470 643.522278 1.670456 0.980343
469 643.482605 1.674447 0.979607
468 643.388184 1.678360 0.978742
467 643.261536 1.682223 0.977799
466 643.161072 1.686109 0.976908
465 642.716187 1.689536 0.975239
464 642.507080 1.693257 0.974095
463 642.134155 1.696751 0.972578
462 641.996521 1.700543 0.971583
461 641.543274 1.703903 0.969878
460 641.627747 1.707970 0.969369
459 641.519043 1.711770 0.968423
458 641.444702 1.715607 0.967547
457 641.395996 1.719470 0.966723
456 641.366699 1.723351 0.965936
455 641.018677 1.726781 0.964437
454 640.844727 1.730441 0.963319
453 640.347168 1.733636 0.961479
452 640.156982 1.737249 0.960316
451 639.726746 1.740511 0.958618
450 639.606812 1.744201 0.957601
449 639.566956 1.747995 0.956754
448 639.486450 1.751721 0.955812
447 639.390381 1.755417 0.954831
446 639.311523 1.759127 0.953882
445 639.204590 1.762788 0.952867
444 639.119690 1.766471 0.951894
443 638.522034 1.769389 0.949796
442 638.394348 1.772986 0.948721
441 638.009399 1.776192 0.947080
440 637.724060 1.779533 0.945653
439 637.689331 1.783237 0.944766
438 637.664490 1.786947 0.943895
437 637.375854 1.790251 0.942447
436 637.215698 1.793737 0.941273
435 637.057129 1.797216 0.940098
434 637.047791 1.800913 0.939241
433 636.598267 1.803926 0.937429
432 636.508606 1.807479 0.936389
431 636.345947 1.810911 0.935187
430 636.107239 1.814214 0.933817
429 635.616333 1.817114 0.931902
428 635.513367 1.820606 0.930815
427 635.295227 1.823908 0.929478
426 635.039856 1.827141 0.928057
425 634.918274 1.830574 0.926917
424 634.819763 1.834034 0.925822
423 634.729736 1.837498 0.924740
422 634.652954 1.840975 0.923682
421 634.344788 1.844072 0.922128
420 634.203796 1.847426 0.920925
419 633.708740 1.850202 0.918968
418 633.606567 1.853597 0.917839
417 633.239136 1.856555 0.916146
416 633.055725 1.859800 0.914838
415 632.839417 1.862981 0.913457
414 632.593994 1.866104 0.912010
413 632.241211 1.869043 0.910335
412 632.260864 1.872578 0.909437
411 632.224487 1.876014 0.908417
410 632.127502 1.879341 0.907266
409 631.861511 1.882381 0.905757
408 631.606628 1.885430 0.904269
407 631.263000 1.888321 0.902592
406 631.233643 1.891722 0.901566
405 630.604431 1.894120 0.899289
404 630.538757 1.897441 0.898180
403 630.466492 1.900743 0.897053
402 630.325684 1.903922 0.895780
401 629.851318 1.906534 0.893814
400 629.917419 1.910040 0.892961
399 629.479004 1.912691 0.891063
398 629.174500 1.915557 0.889439
397 628.891235 1.918449 0.887856
396 628.876953 1.921784 0.886822
395 628.879517 1.925140 0.885817
394 628.759521 1.928280 0.884557
393 628.537659 1.931239 0.883085
392 628.456482 1.934427 0.881897
391 628.193909 1.937298 0.880336
390 627.926636 1.940151 0.878762
389 627.694702 1.943055 0.877257
