1165.939 538.350
1167.604 535.542
1169.364 532.801
1170.935 529.975
1172.541 527.132
1173.970 524.703
1176.151 521.023
1177.432 518.889
1178.929 516.157
1180.529 513.326
1181.977 510.625
1183.527 507.958
1184.973 505.138
1186.493 502.351
1187.951 499.649
1189.304 496.958
1190.744 494.162
1192.316 491.461
1193.636 488.705
1195.085 485.979
1196.500 483.243
1197.715 480.562
1199.034 477.846
1200.379 475.168
1201.633 472.493
1202.983 469.779
1204.285 467.074
1205.464 464.491
1206.640 461.823
1207.886 459.091
1209.139 456.463
1210.364 453.888
1211.734 451.165
1212.699 448.665
1214.105 445.842
1214.731 443.612
1216.162 440.657
1217.642 438.166
1218.783 435.692
1219.629 433.292
1221.054 430.457
1221.838 428.101
1222.952 425.573
1223.908 423.083
1224.829 420.502
1225.752 418.112
1226.805 415.494
1227.699 413.129
1228.718 410.676
1229.086 408.326
1229.844 405.742
1231.304 403.245
1232.287 401.057
1233.101 398.606
1233.940 396.401
1234.867 394.011
1235.463 391.692
1236.326 389.354
1237.350 387.063
1238.036 384.618
1238.725 382.412
1239.228 380.341
1239.982 378.096
1240.510 375.993
1241.132 373.853
1241.657 371.891
1242.167 369.922
1242.582 367.849
1243.086 365.967
1243.531 364.031
1243.946 362.147
1244.528 360.321
1244.928 358.514
1245.444 356.721
1245.923 355.064
1246.424 353.304
1246.473 352.710
