2025-09-02T23:53:13.6938
14
80
20.2587312656584
313.22213 22.71773
312.93682 22.61985
-03:46:13.43 36:43:51.52
-03:44:01.62 36:44:46.65
-03:48:19.02 36:42:58.92
-03:45:16.23 36:44:15.45
85.6008862045977
78.8958291197908
281.049403514228
281.346185827718
82.167499676978
74.0608499719465
89.9159251892252
78.6464679277569
8.92379489233996
12.4029041392407
0.4500
19.8306532149794
19.5121089497528
45.3426641153074 ANT1
107.938489074047 AUR
20.44 0.398779908610385 
17.11 0.000114999858720211
310.23 0.0294625000000224
21.09 0.00665150000000025
17.03 0.0025594387859158
1.47 0.000623354411037447
2.92 0.00438790321156191
0.70 0.00038715169721415
0.86 0.000173563481580263
20.78 0.0113169019237205
229.18 0.0392382984811661
160.275329
20.23 0.398779908610385 
16.37 0.483021961323022
310.08 0.129652000000021
20.98 0.0838355000000028
16.34 0.426017725912729
1.46 0.0149912818191416
2.68 0.178883599249826
0.67 0.0228086426211394
0.87 0.00298815519713025
21.36 0.440394754900421
228.66 0.0411670563306927
160.759463
