4696.9301409923 -2028.11192463881 3796.06471033883 0.839257294671026 -0.0518928943116936 0.541252548133888
4696.93753557479 -2028.09479934561 3796.06471033883 0.839464650678578 -0.0440310359761158 0.541627517886566
4696.94493009483 -2028.07767402546 3796.06471033883 0.839536215557884 -0.0369704380105612 0.542044398070908
4696.95232455244 -2028.06054867833 3796.06471033883 0.839704301315647 -0.028942042834243 0.54227211297335
4696.95971894761 -2028.04342330425 3796.06471033883 0.839720407245894 -0.0211194789597603 0.542608150752694
4696.96711328034 -2028.02629790322 3796.06471033883 0.839707099632942 -0.0129781246878356 0.542884476758748
4696.9745075486 -2028.00917247991 3796.06471033883 0.839549377616173 -0.00540954939394406 0.54325645814813
4696.98190175644 -2027.99204702496 3796.06471033883 0.839461456088189 0.00404035918646573 0.543404213491156
4696.98929590185 -2027.97492154304 3796.06471033883 0.839444221942486 0.0114859925684867 0.543324461277137
4696.99668998482 -2027.95779603416 3796.06471033883 0.839123619295929 0.0197247150437882 0.543583008524127
