1335.941040 67 0.786052 0.066974
1335.643188 66 0.787423 0.066606
1332.748657 65 0.789349 0.068787
1335.837646 64 0.790002 0.065089
1336.086914 63 0.791261 0.064179
1334.659912 62 0.792875 0.064915
1335.650269 61 0.793980 0.063275
1335.080933 60 0.795414 0.063165
1334.399048 59 0.796873 0.063164
1335.010254 58 0.798061 0.061893
1335.645020 57 0.799246 0.060597
1334.943604 56 0.800712 0.060611
1333.735962 55 0.802286 0.061119
1334.500000 54 0.803446 0.059693
1334.414551 53 0.804786 0.059099
1334.438477 52 0.806104 0.058395
1333.999146 51 0.807520 0.058145
1333.009277 50 0.809053 0.058431
1333.053833 49 0.810370 0.057703
1332.928345 48 0.811724 0.057140
1332.981567 47 0.813041 0.056401
1332.715576 46 0.814427 0.055972
1332.618164 45 0.815778 0.055378
1332.777710 44 0.817076 0.054531
1332.897583 43 0.818385 0.053721
1332.953613 42 0.819707 0.052972
1332.818359 41 0.821071 0.052409
1332.774048 40 0.822417 0.051755
1332.564209 39 0.823799 0.051261
1332.514771 38 0.825148 0.050610
1332.444336 37 0.826503 0.049977
