2025-09-21T22:18:12.4314
59
84
157.93435357704
344.38357 49.67941
344.09942 49.54148
00:24:24.15 38:25:06.42
00:23:19.88 38:23:17.69
00:25:52.56 38:27:35.79
00:23:18.96 38:23:16.13
97.9835884235343
87.47787584668
425.424986821009
412.361440315815
58.6085533564392
42.3865908945772
81.0356574869438
42.154084507134
16.6446109076101
39.890975520559
0.7500
22.1928145434801
14.0236287784914
51.795866020785 SPE
128.082042557323 DSX
53.020529855441 STA
26.89 0.329016860927258 
24.45 9.5353396954323e-05
343.35 0.0335884999999507
50.31 0.00298099999999835
36.28 0.00347187240510749
1.18 0.000630178314253937
1.79 0.00174437889939738
0.59 0.000246584198293709
0.74 0.000295601479965435
23.45 0.00357602463611784
252.88 0.0574764353998773
178.695147
22.53 0.333048174437634 
19.17 0.385645568154917
343.57 0.0124119999999834
50.61 0.0318954999999974
29.19 0.532955797890647
1.07 0.00692452549517952
1.30 0.0228865294242522
0.43 0.0106640706740004
0.75 0.000936237846786203
24.39 0.0412797371062794
261.36 0.721942720312484
179.184078
