4543.35700473229 -2107.66646051197 3935.99265556476 0.716209639481035 0.546302162514367 0.434278366427079
4543.36468937624 -2107.64989515481 3935.99265556476 0.714536280384526 0.553167623980702 0.428303027999793
4543.37237395981 -2107.63332976963 3935.99265556476 0.712508520398558 0.560487303451555 0.422120351356177
4543.38005848297 -2107.61676435643 3935.99265556476 0.710534738363586 0.56779538724591 0.415630585737934
4543.38774294574 -2107.60019891521 3935.99265556476 0.708562498165427 0.574669602517743 0.409504620408206
4543.3954273481 -2107.58363344598 3935.99265556476 0.706517446414905 0.581880122398528 0.402800969548035
4543.40311169007 -2107.56706794872 3935.99265556476 0.704019070505943 0.589521039639834 0.396007692079229
4543.41079597164 -2107.55050242345 3935.99265556476 0.702076192952637 0.595779767624329 0.390045494498568
4543.41848019281 -2107.53393687016 3935.99265556476 0.699676470369806 0.602888753800142 0.383377082455592
4543.42616435358 -2107.51737128885 3935.99265556476 0.697277228643295 0.6098775461097 0.37663489637411
4543.43384845395 -2107.50080567953 3935.99265556476 0.69486989821659 0.61655799377098 0.370151408034025
4543.44153249393 -2107.48424004219 3935.99265556476 0.692434190764711 0.623097905676315 0.363708525335619
4543.4492164735 -2107.46767437684 3935.99265556476 0.690269294311561 0.628817243849705 0.3579345962154
4543.45690039268 -2107.45110868347 3935.99265556476 0.688067008827328 0.63448728565572 0.352121677413719
4543.46458424934 -2107.43454296663 3935.99265556476 0.685480350571485 0.640330756885772 0.346544673550884
4543.47226804772 -2107.41797721722 3935.99265556476 0.683736943893034 0.645004896345671 0.341280640010422
