205.645660 305 1.195861 0.413474
206.385849 304 1.195252 0.412513
205.640152 303 1.196892 0.411041
205.095825 302 1.198229 0.409635
204.423508 301 1.199761 0.408183
204.052261 300 1.200839 0.406833
203.247559 299 1.202575 0.405328
204.429672 298 1.201305 0.404522
202.135162 297 1.205301 0.402485
201.813477 296 1.206311 0.401144
201.011292 295 1.208052 0.399628
200.769440 294 1.208944 0.398312
200.068771 293 1.210535 0.396826
199.573929 292 1.211815 0.395414
198.852570 291 1.213441 0.393914
198.589432 290 1.214373 0.392583
198.178726 289 1.215531 0.391194
197.051971 288 1.217780 0.389533
196.605438 287 1.218996 0.388125
195.758148 286 1.220825 0.386561
195.271500 285 1.222107 0.385133
195.379425 284 1.222485 0.383932
194.849487 283 1.223837 0.382483
193.718201 282 1.226108 0.380795
193.419983 281 1.227111 0.379430
193.201538 280 1.227994 0.378095
192.933395 279 1.228955 0.376739
191.976501 278 1.230971 0.375105
191.332855 277 1.232510 0.373592
190.269119 276 1.234694 0.371905
189.356812 275 1.236651 0.370274
189.834335 274 1.236480 0.369212
186.058334 273 1.242836 0.366375
184.201080 272 1.246257 0.364319
184.498260 271 1.246367 0.363180
184.833893 270 1.246420 0.362057
184.216415 269 1.247941 0.360522
182.308197 268 1.251453 0.358421
181.472946 267 1.253315 0.356781
181.651382 266 1.253616 0.355586
182.838989 265 1.252363 0.354834
182.193619 264 1.253937 0.353275
182.767242 263 1.253634 0.352251
180.581635 262 1.257585 0.350004
177.902771 261 1.262298 0.347520
178.142960 260 1.262510 0.346348
177.696274 259 1.263781 0.344865
