2025-09-12T02:51:13.0482
63
59
30.7265069458794
59.85061 54.57859
59.34744 54.50674
00:48:14.99 38:03:07.68
00:45:51.97 38:00:38.85
00:48:59.49 38:03:53.95
00:45:50.87 38:00:37.70
238.706946615917
235.675732270503
156.206185350246
143.228695060796
96.8471532417825
83.5767944110939
100.985311056184
83.4742596327933
14.5009058385709
19.1336762341827
0.2500
58.0036233542836
61.4565114128807
70.5453052117358 ANT1
15.80119727693 SPE
82.8679345570086 DSX
58.05 1.71982239122383 
56.96 8.0377432148282e-05
59.60 0.0272369999999995
54.83 0.0097640000000041
118.70 0.0213595949432772
1.47 0.000427519902120199
2.19 0.00305187862020828
0.57 0.000647449317775828
0.93 0.000225530423378917
22.54 0.00676123857901345
216.49 0.0522656069531706
169.128657
59.98 1.97805441782721 
56.91 2.01594911338388
59.60 0.012680500000009
54.83 0.0194560000000052
118.49 1.50407134508391
1.47 0.14438977759683
2.48 0.817728073812394
0.58 0.13074761755912
0.93 0.0149330347410499
21.70 1.94090258148627
219.36 6.6991885752395
169.615009
