337.420563 429 1.453841 0.241612
337.358948 428 1.454369 0.240047
337.253265 427 1.454974 0.238499
337.177704 426 1.455527 0.236940
337.125397 425 1.456041 0.235371
337.078278 424 1.456547 0.233800
336.909210 423 1.457262 0.232279
336.755615 422 1.457952 0.230752
336.695374 421 1.458481 0.229188
336.642792 420 1.458998 0.227620
336.588806 419 1.459518 0.226054
336.484741 418 1.460125 0.224507
336.340942 417 1.460800 0.222978
336.292450 416 1.461312 0.221409
336.186371 415 1.461923 0.219865
336.130585 414 1.462449 0.218300
336.005981 413 1.463093 0.216763
336.026917 412 1.463489 0.215168
336.090240 411 1.463813 0.213555
336.003510 410 1.464394 0.212003
336.007721 409 1.464821 0.210415
335.981567 408 1.465300 0.208839
335.931122 407 1.465821 0.207274
335.824799 406 1.466437 0.205731
335.735168 405 1.467026 0.204182
335.625427 404 1.467649 0.202641
335.487579 403 1.468321 0.201112
335.460754 402 1.468804 0.199538
335.420715 401 1.469311 0.197970
335.349731 400 1.469871 0.196414
335.344055 399 1.470320 0.194832
335.316650 398 1.470807 0.193259
335.237152 397 1.471383 0.191707
335.126282 396 1.472013 0.190169
335.049927 395 1.472584 0.188616
335.004059 394 1.473105 0.187052
334.948059 393 1.473643 0.185491
334.877472 392 1.474207 0.183937
334.828796 391 1.474734 0.182374
334.729584 390 1.475348 0.180833
334.651550 389 1.475926 0.179282
334.644226 388 1.476385 0.177703
334.584412 387 1.476933 0.176146
334.463196 386 1.477586 0.174614
334.439148 385 1.478075 0.173042
334.349701 384 1.478675 0.171498
334.349426 383 1.479126 0.169917
334.321869 382 1.479623 0.168347
334.260864 381 1.480177 0.166791
334.174042 380 1.480776 0.165247
334.140137 379 1.481285 0.163681
334.121216 378 1.481771 0.162108
334.162170 377 1.482156 0.160511
333.820740 376 1.483184 0.159073
334.089600 375 1.483188 0.157382
333.960510 374 1.483861 0.155856
333.854370 373 1.484496 0.154321
333.243347 372 1.485978 0.152997
